./data/training_data/mix/crop_original/00001.jpg 0.25097656249999994 0.43399414062500014 0.7490234374999999 0.5660058593749999
./data/training_data/mix/crop_original/00002.jpg 0.20117187500000006 0.4207031250000002 0.798828125 0.5792968749999998
./data/training_data/mix/crop_original/00003.jpg 0.07500000000000001 0.38749999999999973 0.925 0.6125000000000003
./data/training_data/mix/crop_original/00004.jpg 0.2260742187500001 0.42746093750000014 0.77392578125 0.5725390624999999
./data/training_data/mix/crop_original/00005.jpg 0.37548828125 0.4668408203124998 0.62451171875 0.5331591796874999
./data/training_data/mix/crop_original/00006.jpg 0.16796874999999994 0.41195312500000014 0.83203125 0.5880468749999999
./data/training_data/mix/crop_original/00007.jpg 0.234375 0.4295703125000002 0.765625 0.5704296875000002
./data/training_data/mix/crop_original/00008.jpg 0.12222222222222223 0.3998611111111112 0.8777777777777778 0.6001388888888893
./data/training_data/mix/crop_original/00009.jpg 0.2011718749999999 0.4207031250000002 0.798828125 0.5792968749999998
./data/training_data/mix/crop_original/00010.jpg 0.4169921875 0.4778759765625001 0.5830078125 0.5221240234375001
./data/training_data/mix/crop_original/00011.jpg 0.267578125 0.4384765625000001 0.732421875 0.5615234375000002
./data/training_data/mix/crop_original/00012.jpg 0.234375 0.42968749999999983 0.765625 0.5703124999999998
./data/training_data/mix/crop_original/00013.jpg 0.21777343749999978 0.42520996093749996 0.7822265624999999 0.5747900390625
./data/training_data/mix/crop_original/00014.jpg 0.24267578125 0.43175292968749973 0.75732421875 0.5682470703124999
./data/training_data/mix/crop_original/00015.jpg 0.12222222222222223 0.3998611111111112 0.8777777777777778 0.6001388888888888
./data/training_data/mix/crop_original/00016.jpg 0.0751186819324211 0.38753769545793015 0.9248813180675789 0.6124623045420698
./data/training_data/mix/crop_original/00017.jpg 0.19287109375 0.4186279296875002 0.80712890625 0.5813720703125003
./data/training_data/mix/crop_original/00018.jpg 0.20947265625000006 0.42291992187500044 0.79052734375 0.5770800781250001
./data/training_data/mix/crop_original/00019.jpg 0.2177734375 0.4251025390625 0.7822265625 0.5748974609375004
./data/training_data/mix/crop_original/00020.jpg 0.27587890625 0.44057128906250026 0.72412109375 0.5594287109375001
./data/training_data/mix/crop_original/00021.jpg 0.20117187500000006 0.4207177734375004 0.798828125 0.5792822265625001
./data/training_data/mix/crop_original/00022.jpg 0.25097656249999994 0.4338818359374996 0.7490234374999999 0.5661181640625004
./data/training_data/mix/crop_original/00023.jpg 0.26757812500000006 0.43842773437499993 0.732421875 0.5615722656250001
./data/training_data/mix/crop_original/00024.jpg 0.20947265624999994 0.42304687500000016 0.79052734375 0.5769531249999998
./data/training_data/mix/crop_original/00025.jpg 0.15136718750000006 0.4077148437500001 0.8486328125 0.5922851562499999
./data/training_data/mix/crop_original/00026.jpg 0.29248046875 0.44492187499999986 0.70751953125 0.5550781249999999
./data/training_data/mix/crop_original/00027.jpg 0.20117187500000022 0.42071289062499995 0.798828125 0.579287109375
./data/training_data/mix/crop_original/00028.jpg 0.22607421875 0.4273046875000002 0.77392578125 0.5726953124999998
./data/training_data/mix/crop_original/00029.jpg 0.22607421875 0.42746093749999975 0.77392578125 0.5725390625000002
./data/training_data/mix/crop_original/00030.jpg 0.22607421875 0.42746093750000014 0.77392578125 0.5725390625000002
./data/training_data/mix/crop_original/00031.jpg 0.32568359375 0.4537744140624998 0.67431640625 0.5462255859374999
./data/training_data/mix/crop_original/00032.jpg 0.17626953125 0.41416015625000024 0.82373046875 0.5858398437500003
./data/training_data/mix/crop_original/00033.jpg 0.2011718749999999 0.4207031250000002 0.7988281250000001 0.5792968749999998
./data/training_data/mix/crop_original/00034.jpg 0.2509765625 0.4340820312500002 0.7490234375 0.5659179687500001
./data/training_data/mix/crop_original/00035.jpg 0.08066666666666655 0.3888859715580522 0.9193333333333333 0.6111140284419484
./data/training_data/mix/crop_original/00036.jpg 0.25927734375000006 0.43604980468749965 0.74072265625 0.5639501953124999
./data/training_data/mix/crop_original/00037.jpg 0.3173828125 0.45152343750000024 0.6826171875 0.5484765624999998
./data/training_data/mix/crop_original/00038.jpg 0.2924804687499999 0.4450585937500002 0.7075195312499999 0.5549414062500002
./data/training_data/mix/crop_original/00039.jpg 0.31738281249999994 0.45148925781250027 0.6826171875 0.5485107421875
./data/training_data/mix/crop_original/00040.jpg 0.20947265625 0.42289062499999996 0.79052734375 0.577109375
./data/training_data/mix/crop_original/00041.jpg 0.2509765625 0.43408203125 0.7490234375 0.56591796875
./data/training_data/mix/crop_original/00042.jpg 0.333984375 0.45605468750000006 0.666015625 0.5439453124999999
./data/training_data/mix/crop_original/00043.jpg 0.25927734374999983 0.4362792968749999 0.74072265625 0.5637207031250001
./data/training_data/mix/crop_original/00044.jpg 0.07696759259259262 0.38796296296296306 0.9230324074074074 0.6120370370370369
./data/training_data/mix/crop_original/00045.jpg 0.267578125 0.43827636718750007 0.732421875 0.5617236328124999
./data/training_data/mix/crop_original/00046.jpg 0.37548828125 0.4670410156250001 0.62451171875 0.5329589843750001
./data/training_data/mix/crop_original/00047.jpg 0.17626953125000006 0.4143066406249998 0.82373046875 0.5856933593750002
./data/training_data/mix/crop_original/00048.jpg 0.34228515625 0.45802734374999987 0.65771484375 0.5419726562500001
./data/training_data/mix/crop_original/00049.jpg 0.20117187500000006 0.42071289062500017 0.798828125 0.5792871093749998
./data/training_data/mix/crop_original/00050.jpg 0.30908203125 0.44937988281249985 0.69091796875 0.5506201171875001
./data/training_data/mix/crop_original/00051.jpg 0.31738281249999994 0.4515136718749999 0.6826171875 0.5484863281250003
./data/training_data/mix/crop_original/00052.jpg 0.18457031250000006 0.4164160156249997 0.8154296875 0.5835839843750003
./data/training_data/mix/crop_original/00053.jpg 0.31738281249999994 0.4514257812500001 0.6826171875 0.5485742187499999
./data/training_data/mix/crop_original/00054.jpg 0.10372070312499992 0.3950832639467112 0.896279296875 0.6049167360532892
./data/training_data/mix/crop_original/00055.jpg 0.09326171875000011 0.39220703125 0.9067382812500001 0.6077929687499993
./data/training_data/mix/crop_original/00056.jpg 0.1679687499999999 0.4119482421874996 0.8320312499999999 0.5880517578125004
./data/training_data/mix/crop_original/00057.jpg 0.267578125 0.43828613281249956 0.732421875 0.5617138671875002
./data/training_data/mix/crop_original/00058.jpg 0.29248046874999994 0.44492187499999986 0.70751953125 0.5550781250000001
./data/training_data/mix/crop_original/00059.jpg 0.32568359375 0.45374023437499994 0.67431640625 0.5462597656249999
./data/training_data/mix/crop_original/00060.jpg 0.2260742187500001 0.4273437499999999 0.7739257812499999 0.5726562500000001
./data/training_data/mix/crop_original/00061.jpg 0.234375 0.4295312499999997 0.765625 0.5704687499999999
./data/training_data/mix/crop_original/00062.jpg 0.20947265625 0.42295898437500035 0.79052734375 0.5770410156249997
./data/training_data/mix/crop_original/00063.jpg 0.2177734374999999 0.425263671875 0.7822265625000001 0.574736328125
./data/training_data/mix/crop_original/00064.jpg 0.10371621621621618 0.39505947265624985 0.8962837837837838 0.6049405273437501
./data/training_data/mix/crop_original/00065.jpg 0.07499999999999984 0.3875000000000004 0.925 0.6125000000000003
./data/training_data/mix/crop_original/00066.jpg 0.1679687499999999 0.4120214843750005 0.8320312499999999 0.5879785156249999
./data/training_data/mix/crop_original/00067.jpg 0.1615740740740741 0.4103703703703703 0.8384259259259259 0.5896296296296293
./data/training_data/mix/crop_original/00068.jpg 0.29248046875 0.4448437499999999 0.70751953125 0.55515625
./data/training_data/mix/crop_original/00069.jpg 0.25927734375 0.4360449218750002 0.74072265625 0.5639550781250002
./data/training_data/mix/crop_original/00070.jpg 0.22607421875 0.4274121093750002 0.77392578125 0.5725878906249998
./data/training_data/mix/crop_original/00071.jpg 0.22607421875 0.42728515624999996 0.77392578125 0.57271484375
./data/training_data/mix/crop_original/00072.jpg 0.16796875 0.4119873046875001 0.83203125 0.5880126953124999
./data/training_data/mix/crop_original/00073.jpg 0.07500000000000018 0.38749999999999973 0.9250000000000003 0.6125000000000003
./data/training_data/mix/crop_original/00074.jpg 0.20947265625 0.42294921875000024 0.79052734375 0.5770507812500002
./data/training_data/mix/crop_original/00075.jpg 0.19287109374999994 0.4185742187500005 0.8071289062499999 0.58142578125
./data/training_data/mix/crop_original/00076.jpg 0.4169921875 0.47787597656249997 0.5830078125 0.5221240234375
./data/training_data/mix/crop_original/00077.jpg 0.21777343749999994 0.4252050781250001 0.7822265625 0.5747949218749999
./data/training_data/mix/crop_original/00078.jpg 0.1347656250000001 0.4031542968749997 0.865234375 0.5968457031250003
./data/training_data/mix/crop_original/00079.jpg 0.21777343749999994 0.42520996093749996 0.7822265625 0.5747900390625
./data/training_data/mix/crop_original/00080.jpg 0.333984375 0.45590332031249997 0.666015625 0.5440966796875
./data/training_data/mix/crop_original/00081.jpg 0.18457031250000006 0.4162939453125002 0.8154296875 0.5837060546874998
./data/training_data/mix/crop_original/00082.jpg 0.3173828125 0.45146484374999984 0.6826171875 0.5485351562499998
./data/training_data/mix/crop_original/00083.jpg 0.21777343749999994 0.42521972656249973 0.7822265625 0.5747802734374999
./data/training_data/mix/crop_original/00084.jpg 0.22607421875 0.42740722656249996 0.77392578125 0.5725927734375
./data/training_data/mix/crop_original/00085.jpg 0.3837890624999999 0.4692382812499999 0.6162109375 0.53076171875
./data/training_data/mix/crop_original/00086.jpg 0.3173828125 0.45160156249999983 0.6826171875 0.5483984374999998
./data/training_data/mix/crop_original/00087.jpg 0.08496093749999994 0.3901367187499997 0.9150390624999998 0.6098632812499996
./data/training_data/mix/crop_original/00088.jpg 0.26757812500000006 0.43825683593750003 0.732421875 0.5617431640625
./data/training_data/mix/crop_original/00089.jpg 0.20117187499999994 0.42072265625000016 0.798828125 0.5792773437499998
./data/training_data/mix/crop_original/00090.jpg 0.27587890625 0.44044433593750015 0.72412109375 0.5595556640625001
./data/training_data/mix/crop_original/00091.jpg 0.30078125 0.4472656249999999 0.69921875 0.5527343750000001
./data/training_data/mix/crop_original/00092.jpg 0.3671875 0.46474609375 0.6328125 0.53525390625
./data/training_data/mix/crop_original/00093.jpg 0.02777777777777779 0.375030517578125 0.9722222222222223 0.624969482421875
./data/training_data/mix/crop_original/00094.jpg 0.34228515625 0.45809570312500003 0.65771484375 0.541904296875
./data/training_data/mix/crop_original/00095.jpg 0.2841796875 0.44266113281250036 0.7158203125 0.5573388671875
./data/training_data/mix/crop_original/00096.jpg 0.19287109375 0.4185351562500001 0.80712890625 0.5814648437500004
./data/training_data/mix/crop_original/00097.jpg 0.24267578125 0.43187988281250006 0.75732421875 0.5681201171874996
./data/training_data/mix/crop_original/00098.jpg 0.2011718749999999 0.42070312499999973 0.798828125 0.5792968750000003
./data/training_data/mix/crop_original/00099.jpg 0.267578125 0.4384619140625001 0.7324218749999999 0.5615380859374999
./data/training_data/mix/crop_original/00100.jpg 0.2509765624999999 0.4340576171874999 0.7490234375 0.5659423828124999
./data/training_data/mix/crop_original/00101.jpg 0.2758789062500001 0.440439453125 0.72412109375 0.5595605468750003
./data/training_data/mix/crop_original/00102.jpg 0.234375 0.42966796874999963 0.765625 0.5703320312500001
./data/training_data/mix/crop_original/00103.jpg 0.2758789062500001 0.4405273437499997 0.72412109375 0.55947265625
./data/training_data/mix/crop_original/00104.jpg 0.22607421875 0.42741210937500007 0.77392578125 0.5725878906249999
./data/training_data/mix/crop_original/00105.jpg 0.40869140625 0.47563964843750006 0.59130859375 0.5243603515624999
./data/training_data/mix/crop_original/00106.jpg 0.1762695312500001 0.41416503906250035 0.82373046875 0.5858349609374996
./data/training_data/mix/crop_original/00107.jpg 0.25927734375 0.4361962890625001 0.7407226562500001 0.5638037109374999
./data/training_data/mix/crop_original/00108.jpg 0.35888671875 0.4624609374999999 0.64111328125 0.5375390625000002
./data/training_data/mix/crop_original/00109.jpg 0.09492187500000004 0.3927324131556914 0.905078125 0.6072675868443079
./data/training_data/mix/crop_original/00110.jpg 0.2509765625 0.4338623046875001 0.7490234375000002 0.5661376953124999
./data/training_data/mix/crop_original/00111.jpg 0.3173828125 0.4514404296874999 0.6826171875 0.5485595703124998
./data/training_data/mix/crop_original/00112.jpg 0.2177734375 0.4252587890624997 0.7822265625 0.5747412109374999
./data/training_data/mix/crop_original/00113.jpg 0.14306640624999994 0.40538574218750023 0.8569335937500002 0.5946142578124998
./data/training_data/mix/crop_original/00114.jpg 0.29248046875 0.4450683593749999 0.70751953125 0.5549316406249998
./data/training_data/mix/crop_original/00115.jpg 0.16157407407407415 0.4103703703703707 0.8384259259259259 0.5896296296296293
./data/training_data/mix/crop_original/00116.jpg 0.2011718749999999 0.4207031250000002 0.798828125 0.5792968750000003
./data/training_data/mix/crop_original/00117.jpg 0.08496093749999994 0.3901367187500004 0.9150390625 0.6098632812500002
./data/training_data/mix/crop_original/00118.jpg 0.3505859375 0.4602685546874999 0.6494140625 0.5397314453125001
./data/training_data/mix/crop_original/00119.jpg 0.22607421875 0.42747070312500035 0.77392578125 0.5725292968750001
./data/training_data/mix/crop_original/00120.jpg 0.32568359375 0.453662109375 0.67431640625 0.546337890625
./data/training_data/mix/crop_original/00121.jpg 0.16796875000000006 0.4121093749999998 0.83203125 0.5878906249999997
./data/training_data/mix/crop_original/00122.jpg 0.29248046875 0.4450537109375001 0.7075195312500001 0.5549462890624999
./data/training_data/mix/crop_original/00123.jpg 0.25097656250000017 0.4340820312499998 0.7490234375000001 0.5659179687499998
./data/training_data/mix/crop_original/00124.jpg 0.3671875 0.4647509765625 0.6328125 0.5352490234375
./data/training_data/mix/crop_original/00125.jpg 0.13796296296296295 0.40414930993790404 0.8620370370370369 0.5958506900620959
./data/training_data/mix/crop_original/00126.jpg 0.23437500000000006 0.4296191406249997 0.7656250000000002 0.5703808593749999
./data/training_data/mix/crop_original/00127.jpg 0.32568359375 0.45377441406249996 0.67431640625 0.5462255859375
./data/training_data/mix/crop_original/00128.jpg 0.2260742187499999 0.4272851562500004 0.7739257812500001 0.57271484375
./data/training_data/mix/crop_original/00129.jpg 0.39208984375 0.47124999999999995 0.60791015625 0.5287499999999998
./data/training_data/mix/crop_original/00130.jpg 0.32568359375 0.45376464843750003 0.67431640625 0.5462353515625002
./data/training_data/mix/crop_original/00131.jpg 0.15136718749999994 0.40758300781250045 0.8486328125 0.5924169921875001
./data/training_data/mix/crop_original/00132.jpg 0.29248046874999994 0.445068359375 0.70751953125 0.554931640625
./data/training_data/mix/crop_original/00133.jpg 0.23437499999999994 0.4295263671875002 0.765625 0.5704736328125001
./data/training_data/mix/crop_original/00134.jpg 0.12222222222222245 0.3998871959031058 0.8777777777777778 0.6001128040968942
./data/training_data/mix/crop_original/00135.jpg 0.2177734374999999 0.4252587890624997 0.7822265625000001 0.5747412109374999
./data/training_data/mix/crop_original/00136.jpg 0.07499999999999996 0.3875000000000004 0.925 0.6125000000000003
./data/training_data/mix/crop_original/00137.jpg 0.3339843749999999 0.45584960937499985 0.666015625 0.5441503906250001
./data/training_data/mix/crop_original/00138.jpg 0.32568359375 0.45383789062499996 0.67431640625 0.5461621093750001
./data/training_data/mix/crop_original/00139.jpg 0.267578125 0.4383007812499999 0.732421875 0.5616992187499997
./data/training_data/mix/crop_original/00140.jpg 0.25927734375 0.43626953125 0.74072265625 0.56373046875
./data/training_data/mix/crop_original/00141.jpg 0.20947265625000006 0.42305175781249993 0.79052734375 0.5769482421875001
./data/training_data/mix/crop_original/00142.jpg 0.267578125 0.43842773437499993 0.732421875 0.5615722656249997
./data/training_data/mix/crop_original/00143.jpg 0.20117187500000006 0.4207031250000002 0.7988281250000001 0.5792968749999998
./data/training_data/mix/crop_original/00144.jpg 0.32568359375 0.453740234375 0.67431640625 0.546259765625
./data/training_data/mix/crop_original/00145.jpg 0.10343017578125002 0.395 0.8965698242187499 0.605
./data/training_data/mix/crop_original/00146.jpg 0.30078125 0.44714843750000005 0.69921875 0.5528515625
./data/training_data/mix/crop_original/00147.jpg 0.201171875 0.42070312499999973 0.798828125 0.5792968750000003
./data/training_data/mix/crop_original/00148.jpg 0.30078125 0.447265625 0.69921875 0.552734375
./data/training_data/mix/crop_original/00149.jpg 0.1845703125 0.41633789062499954 0.8154296875 0.583662109375
./data/training_data/mix/crop_original/00150.jpg 0.07666015625 0.38789062500000004 0.92333984375 0.6121093750000006
./data/training_data/mix/crop_original/00151.jpg 0.17626953125000006 0.41426269531249993 0.82373046875 0.5857373046875001
./data/training_data/mix/crop_original/00152.jpg 0.30908203125 0.44938476562500007 0.69091796875 0.5506152343749999
./data/training_data/mix/crop_original/00153.jpg 0.10648148148148151 0.3957661946614586 0.8935185185185186 0.6042338053385414
./data/training_data/mix/crop_original/00154.jpg 0.333984375 0.4560546874999999 0.666015625 0.5439453125000001
./data/training_data/mix/crop_original/00155.jpg 0.07666015624999989 0.38786446886446857 0.92333984375 0.612135531135531
./data/training_data/mix/crop_original/00156.jpg 0.134765625 0.4032373046874997 0.8652343750000001 0.5967626953125003
./data/training_data/mix/crop_original/00157.jpg 0.22607421874999994 0.42745117187500004 0.77392578125 0.572548828125
./data/training_data/mix/crop_original/00158.jpg 0.41699218750000006 0.47782714843749996 0.5830078125 0.5221728515625002
./data/training_data/mix/crop_original/00159.jpg 0.32568359374999994 0.4537744140624998 0.6743164062499999 0.5462255859374999
./data/training_data/mix/crop_original/00160.jpg 0.2841796875 0.44274902343750006 0.7158203125 0.5572509765625
./data/training_data/mix/crop_original/00161.jpg 0.12646484375 0.4011230468749998 0.87353515625 0.5988769531249997
./data/training_data/mix/crop_original/00162.jpg 0.24267578125000006 0.4317919921875001 0.75732421875 0.5682080078125004
./data/training_data/mix/crop_original/00163.jpg 0.20117187500000006 0.4207031250000002 0.798828125 0.5792968749999998
./data/training_data/mix/crop_original/00164.jpg 0.333984375 0.45605468750000006 0.666015625 0.5439453125000001
./data/training_data/mix/crop_original/00165.jpg 0.1071111111111111 0.3959143066406251 0.892888888888889 0.6040856933593749
./data/training_data/mix/crop_original/00166.jpg 0.30908203125 0.44935058593749994 0.69091796875 0.5506494140625
./data/training_data/mix/crop_original/00167.jpg 0.201171875 0.4207128906250004 0.798828125 0.5792871093749996
./data/training_data/mix/crop_original/00168.jpg 0.15966796875 0.4096875000000003 0.84033203125 0.5903125000000001
./data/training_data/mix/crop_original/00169.jpg 0.10156250000000006 0.3945312500000004 0.8984375 0.6054687500000002
./data/training_data/mix/crop_original/00170.jpg 0.07499999999999996 0.38749999999999973 0.925 0.6125000000000003
./data/training_data/mix/crop_original/00171.jpg 0.2841796875 0.4427246093749999 0.7158203125 0.5572753906250001
./data/training_data/mix/crop_original/00172.jpg 0.30078125 0.4470605468750001 0.69921875 0.5529394531250003
./data/training_data/mix/crop_original/00173.jpg 0.19287109375 0.4185742187500005 0.80712890625 0.5814257812499994
./data/training_data/mix/crop_original/00174.jpg 0.10367063492063511 0.39510498046874987 0.8963293650793651 0.6048950195312496
./data/training_data/mix/crop_original/00175.jpg 0.22607421875 0.4273291015624999 0.7739257812500001 0.5726708984375001
./data/training_data/mix/crop_original/00176.jpg 0.201171875 0.4207177734375 0.798828125 0.5792822265624995
./data/training_data/mix/crop_original/00177.jpg 0.2509765624999999 0.43398925781250014 0.7490234375 0.5660107421875002
./data/training_data/mix/crop_original/00178.jpg 0.22607421875000006 0.42746093750000014 0.77392578125 0.5725390625000002
./data/training_data/mix/crop_original/00179.jpg 0.15966796875 0.40975097656249976 0.84033203125 0.5902490234375007
./data/training_data/mix/crop_original/00180.jpg 0.07678464307138577 0.38797198242187525 0.9232153569286142 0.6120280175781248
./data/training_data/mix/crop_original/00181.jpg 0.2260742187499999 0.42740722656249996 0.7739257812499998 0.5725927734375
./data/training_data/mix/crop_original/00182.jpg 0.16796874999999994 0.412109375 0.8320312499999999 0.587890625
./data/training_data/mix/crop_original/00183.jpg 0.24267578124999994 0.4318066406249995 0.75732421875 0.568193359375
./data/training_data/mix/crop_original/00184.jpg 0.23437500000000006 0.42968749999999983 0.765625 0.5703124999999998
./data/training_data/mix/crop_original/00185.jpg 0.27587890625 0.440673828125 0.7241210937499999 0.5593261718750003
./data/training_data/mix/crop_original/00186.jpg 0.24267578125 0.43180175781249985 0.75732421875 0.5681982421875001
./data/training_data/mix/crop_original/00187.jpg 0.29248046875 0.44497558593749986 0.70751953125 0.5550244140625001
./data/training_data/mix/crop_original/00188.jpg 0.1615740740740741 0.4103703703703707 0.8384259259259259 0.5896296296296297
./data/training_data/mix/crop_original/00189.jpg 0.25927734375 0.43624511718750003 0.74072265625 0.5637548828125003
./data/training_data/mix/crop_original/00190.jpg 0.11816406249999978 0.3987109374999999 0.8818359375000002 0.6012890625
./data/training_data/mix/crop_original/00191.jpg 0.20117187500000006 0.42073730468750026 0.798828125 0.5792626953125002
./data/training_data/mix/crop_original/00192.jpg 0.17626953125 0.4142919921875 0.82373046875 0.5857080078125
./data/training_data/mix/crop_original/00193.jpg -0.007638888888888751 0.36555555555555497 1.0076388888888888 0.634444444444445
./data/training_data/mix/crop_original/00194.jpg 0.17626953124999994 0.41408691406250014 0.82373046875 0.5859130859375004
./data/training_data/mix/crop_original/00195.jpg 0.23437500000000006 0.42958007812500004 0.765625 0.5704199218750003
./data/training_data/mix/crop_original/00196.jpg 0.22607421875 0.42741210937499985 0.77392578125 0.5725878906250002
./data/training_data/mix/crop_original/00197.jpg 0.17626953124999994 0.4142675781250005 0.8237304687499999 0.5857324218750001
./data/training_data/mix/crop_original/00198.jpg 0.2426757812499999 0.4317626953125002 0.75732421875 0.5682373046875002
./data/training_data/mix/crop_original/00199.jpg 0.07671182716953495 0.3879630029201507 0.9232881728304649 0.6120369970798494
./data/training_data/mix/crop_original/00200.jpg 0.09326171875000006 0.3923339843749998 0.90673828125 0.6076660156249996
./data/training_data/mix/crop_original/00201.jpg 0.22607421874999994 0.42730957031249983 0.77392578125 0.5726904296874997
./data/training_data/mix/crop_original/00202.jpg 0.1679687499999996 0.412109375 0.83203125 0.587890625
./data/training_data/mix/crop_original/00203.jpg 0.2675781249999999 0.4384765624999998 0.732421875 0.5615234374999999
./data/training_data/mix/crop_original/00204.jpg 0.22607421875 0.4273974609375003 0.77392578125 0.5726025390625
./data/training_data/mix/crop_original/00205.jpg 0.34228515625 0.4580419921874999 0.65771484375 0.5419580078125
./data/training_data/mix/crop_original/00206.jpg 0.24267578125000006 0.4318750000000001 0.7573242187500001 0.5681250000000003
./data/training_data/mix/crop_original/00207.jpg 0.333984375 0.4559374999999999 0.666015625 0.5440625
./data/training_data/mix/crop_original/00208.jpg 0.3090820312499999 0.44943847656249963 0.69091796875 0.5505615234375001
./data/training_data/mix/crop_original/00209.jpg 0.32568359375 0.4537499999999999 0.67431640625 0.5462500000000001
./data/training_data/mix/crop_original/00210.jpg 0.22607421875000006 0.4273437499999998 0.77392578125 0.5726562500000002
./data/training_data/mix/crop_original/00211.jpg 0.35888671875 0.4624121093749998 0.64111328125 0.5375878906249999
./data/training_data/mix/crop_original/00212.jpg 0.16796875000000006 0.4120996093749998 0.83203125 0.5879003906249998
./data/training_data/mix/crop_original/00213.jpg 0.37548828125 0.46685058593750006 0.62451171875 0.5331494140624997
./data/training_data/mix/crop_original/00214.jpg 0.3173828125 0.45153808593750017 0.6826171875 0.5484619140625001
./data/training_data/mix/crop_original/00215.jpg 0.37548828125 0.46703613281249995 0.62451171875 0.5329638671874999
./data/training_data/mix/crop_original/00216.jpg 0.3173828125 0.4514599609374998 0.6826171875 0.5485400390624999
./data/training_data/mix/crop_original/00217.jpg 0.24267578125 0.4317626953125002 0.75732421875 0.5682373046875002
./data/training_data/mix/crop_original/00218.jpg 0.20947265624999983 0.4230957031250003 0.7905273437499999 0.5769042968749998
./data/training_data/mix/crop_original/00219.jpg 0.28417968749999994 0.4426513671875005 0.7158203125 0.5573486328124999
./data/training_data/mix/crop_original/00220.jpg 0.400390625 0.4734667968750001 0.599609375 0.5265332031250001
./data/training_data/mix/crop_original/00221.jpg 0.27587890624999994 0.440595703125 0.72412109375 0.5594042968749999
./data/training_data/mix/crop_original/00222.jpg 0.30908203125 0.44940917968750016 0.69091796875 0.5505908203124998
./data/training_data/mix/crop_original/00223.jpg 0.23437499999999994 0.42964843750000015 0.765625 0.5703515625000002
./data/training_data/mix/crop_original/00224.jpg 0.36718749999999994 0.46467285156250004 0.6328125 0.5353271484375
./data/training_data/mix/crop_original/00225.jpg 0.400390625 0.47339843749999994 0.599609375 0.5266015625
./data/training_data/mix/crop_original/00226.jpg 0.27587890625 0.4405517578124998 0.72412109375 0.5594482421874999
./data/training_data/mix/crop_original/00227.jpg 0.2841796875 0.44264160156249976 0.7158203125 0.5573583984374999
./data/training_data/mix/crop_original/00228.jpg 0.42529296875 0.48021484374999995 0.57470703125 0.51978515625
./data/training_data/mix/crop_original/00229.jpg 0.30078125 0.4472656249999997 0.69921875 0.5527343749999999
./data/training_data/mix/crop_original/00230.jpg 0.3837890625 0.46907226562500015 0.6162109375 0.5309277343750001
./data/training_data/mix/crop_original/00231.jpg 0.20947265625000006 0.4228564453124998 0.7905273437500001 0.5771435546875002
./data/training_data/mix/crop_original/00232.jpg 0.20117187500000006 0.4207080078124996 0.798828125 0.5792919921875004
./data/training_data/mix/crop_original/00233.jpg 0.15966796875000006 0.40989746093749957 0.84033203125 0.5901025390625004
./data/training_data/mix/crop_original/00234.jpg 0.11750000000000005 0.39865619624426557 0.8825000000000001 0.6013438037557338
./data/training_data/mix/crop_original/00235.jpg 0.37548828125 0.4668652343750001 0.62451171875 0.5331347656250002
./data/training_data/mix/crop_original/00236.jpg 0.3339843750000001 0.4558740234375001 0.666015625 0.5441259765624998
./data/training_data/mix/crop_original/00237.jpg 0.3173828125 0.4514453124999999 0.6826171875 0.5485546874999998
./data/training_data/mix/crop_original/00238.jpg 0.333984375 0.455859375 0.666015625 0.5441406249999999
./data/training_data/mix/crop_original/00239.jpg 0.1845703125 0.41638671874999966 0.8154296875 0.5836132812499999
./data/training_data/mix/crop_original/00240.jpg 0.20947265625 0.42294921874999986 0.79052734375 0.5770507812500001
./data/training_data/mix/crop_original/00241.jpg 0.333984375 0.45596679687499997 0.666015625 0.5440332031249998
./data/training_data/mix/crop_original/00242.jpg 0.24267578125 0.43183105468750005 0.75732421875 0.5681689453125
./data/training_data/mix/crop_original/00243.jpg 0.06933333333333325 0.3860229439228574 0.9306666666666668 0.6139770560771426
./data/training_data/mix/crop_original/00244.jpg 0.2509765625000002 0.4339453125000002 0.7490234375000001 0.5660546874999999
./data/training_data/mix/crop_original/00245.jpg 0.2426757812499999 0.4317626953125002 0.75732421875 0.5682373046875002
./data/training_data/mix/crop_original/00246.jpg 0.29248046875 0.4450683593749999 0.70751953125 0.5549316406249998
./data/training_data/mix/crop_original/00247.jpg 0.3173828125 0.45151855468749996 0.6826171875 0.5484814453125
./data/training_data/mix/crop_original/00248.jpg 0.30078125 0.4472656249999999 0.69921875 0.5527343749999998
./data/training_data/mix/crop_original/00249.jpg 0.09625 0.39304478236607193 0.90375 0.6069552176339287
./data/training_data/mix/crop_original/00250.jpg 0.07499999999999996 0.38749999999999973 0.9249999999999998 0.6124999999999996
./data/training_data/mix/crop_original/00251.jpg 0.4169921875 0.4778759765625001 0.5830078125 0.5221240234375001
./data/training_data/mix/crop_original/00252.jpg 0.34228515625 0.45825195312500006 0.65771484375 0.5417480468750002
./data/training_data/mix/crop_original/00253.jpg 0.25927734375 0.436083984375 0.74072265625 0.563916015625
./data/training_data/mix/crop_original/00254.jpg 0.0783659858274281 0.3883354166666664 0.9216340141725718 0.6116645833333336
./data/training_data/mix/crop_original/00255.jpg 0.3173828125 0.45160156249999994 0.6826171875 0.5483984375000001
./data/training_data/mix/crop_original/00256.jpg 0.32568359375 0.45377929687499996 0.67431640625 0.5462207031249997
./data/training_data/mix/crop_original/00257.jpg 0.3173828125 0.45159667968750017 0.6826171875 0.5484033203125
./data/training_data/mix/crop_original/00258.jpg 0.3505859375 0.4603564453125001 0.6494140625 0.5396435546874999
./data/training_data/mix/crop_original/00259.jpg 0.3256835937499999 0.45373046874999995 0.6743164062500001 0.5462695312500001
./data/training_data/mix/crop_original/00260.jpg 0.32568359375 0.453671875 0.67431640625 0.546328125
./data/training_data/mix/crop_original/00261.jpg 0.42529296875 0.48020019531249997 0.57470703125 0.5197998046875
./data/training_data/mix/crop_original/00262.jpg 0.2509765625 0.43408203125 0.7490234375 0.5659179687499996
./data/training_data/mix/crop_original/00263.jpg 0.3422851562500001 0.45814453125 0.65771484375 0.54185546875
./data/training_data/mix/crop_original/00264.jpg 0.08496093750000006 0.3901367187500004 0.9150390625 0.6098632812500002
./data/training_data/mix/crop_original/00265.jpg 0.42529296875 0.4801171875 0.57470703125 0.5198828125
./data/training_data/mix/crop_original/00266.jpg 0.333984375 0.4560546875 0.666015625 0.5439453125
./data/training_data/mix/crop_original/00267.jpg 0.24267578125000006 0.4317675781250001 0.75732421875 0.5682324218750003
./data/training_data/mix/crop_original/00268.jpg 0.29248046875000006 0.44492187500000013 0.70751953125 0.5550781250000001
./data/training_data/mix/crop_original/00269.jpg 0.40869140625 0.475634765625 0.59130859375 0.5243652343750002
./data/training_data/mix/crop_original/00270.jpg 0.30908203125 0.44925292968749997 0.69091796875 0.5507470703125
./data/training_data/mix/crop_original/00271.jpg 0.25927734375 0.43616699218749994 0.74072265625 0.5638330078125001
./data/training_data/mix/crop_original/00272.jpg 0.40869140625 0.475634765625 0.59130859375 0.5243652343749999
./data/training_data/mix/crop_original/00273.jpg 0.2841796875 0.44270019531250016 0.7158203125 0.5572998046874998
./data/training_data/mix/crop_original/00274.jpg 0.24267578125000006 0.4317626953125003 0.75732421875 0.5682373046875001
./data/training_data/mix/crop_original/00275.jpg 0.333984375 0.45605468750000006 0.666015625 0.5439453125000001
./data/training_data/mix/crop_original/00276.jpg 0.39208984375 0.4713623046874999 0.60791015625 0.5286376953125
./data/training_data/mix/crop_original/00277.jpg 0.400390625 0.47349609375 0.599609375 0.52650390625
./data/training_data/mix/crop_original/00278.jpg 0.27587890625 0.440615234375 0.72412109375 0.559384765625
./data/training_data/mix/crop_original/00279.jpg 0.17626953125000006 0.41430664062500033 0.82373046875 0.5856933593750002
./data/training_data/mix/crop_original/00280.jpg 0.07814814814814819 0.38833605957031286 0.9218518518518518 0.6116639404296877
./data/training_data/mix/crop_original/00281.jpg 0.35888671875 0.46259765624999993 0.64111328125 0.5374023437499998
./data/training_data/mix/crop_original/00282.jpg 0.3671875 0.4648437499999999 0.6328125 0.53515625
./data/training_data/mix/crop_original/00283.jpg 0.22607421875 0.42734374999999997 0.77392578125 0.57265625
./data/training_data/mix/crop_original/00284.jpg 0.29248046875 0.4450683593749999 0.70751953125 0.5549316406250001
./data/training_data/mix/crop_original/00285.jpg 0.20947265625000006 0.4229687500000008 0.79052734375 0.5770312499999997
./data/training_data/mix/crop_original/00286.jpg 0.16796875000000006 0.4118945312500002 0.83203125 0.5881054687500004
./data/training_data/mix/crop_original/00287.jpg 0.333984375 0.45605468750000017 0.666015625 0.5439453125000001
./data/training_data/mix/crop_original/00288.jpg 0.333984375 0.45598632812500006 0.666015625 0.5440136718749999
./data/training_data/mix/crop_original/00289.jpg 0.40869140625 0.47563476562499984 0.59130859375 0.5243652343749999
./data/training_data/mix/crop_original/00290.jpg 0.30908203124999994 0.44927734374999984 0.69091796875 0.5507226562500002
./data/training_data/mix/crop_original/00291.jpg 0.30908203125 0.4494482421875001 0.6909179687499999 0.5505517578124999
./data/training_data/mix/crop_original/00292.jpg 0.42529296875 0.4801855468749999 0.57470703125 0.519814453125
./data/training_data/mix/crop_original/00293.jpg 0.42529296875 0.480185546875 0.57470703125 0.5198144531250001
./data/training_data/mix/crop_original/00294.jpg 0.3837890625 0.46923828125000006 0.6162109375 0.5307617187500001
./data/training_data/mix/crop_original/00295.jpg 0.42529296875 0.480185546875 0.57470703125 0.5198144531250001
./data/training_data/mix/crop_original/00296.jpg 0.42529296875 0.48013671874999997 0.57470703125 0.51986328125
./data/training_data/mix/crop_original/00297.jpg 0.42529296875 0.4801123046875 0.57470703125 0.5198876953125
./data/training_data/mix/crop_original/00298.jpg 0.42529296875 0.48020996093750007 0.57470703125 0.5197900390625
./data/training_data/mix/crop_original/00299.jpg 0.42529296875 0.480185546875 0.57470703125 0.519814453125
./data/training_data/mix/crop_original/00300.jpg 0.42529296875 0.480166015625 0.57470703125 0.519833984375
./data/training_data/mix/crop_original/00301.jpg 0.42529296875 0.48013671874999997 0.57470703125 0.51986328125
./data/training_data/mix/crop_original/00302.jpg 0.42529296875 0.48022460937500006 0.57470703125 0.519775390625
./data/training_data/mix/crop_original/00303.jpg 0.42529296875 0.480185546875 0.57470703125 0.519814453125
./data/training_data/mix/crop_original/00304.jpg 0.1429999999999999 0.4054307844685462 0.8570000000000001 0.5945692155314534
./data/training_data/mix/crop_original/00305.jpg 0.4169921875 0.47787597656249997 0.5830078125 0.5221240234375
./data/training_data/mix/crop_original/00306.jpg 0.42529296875 0.48014160156249996 0.57470703125 0.5198583984374999
./data/training_data/mix/crop_original/00307.jpg 0.42529296875 0.480185546875 0.57470703125 0.519814453125
./data/training_data/mix/crop_original/00308.jpg 0.10333333333333306 0.3948540170385092 0.8966666666666665 0.6051459829614914
./data/training_data/mix/crop_original/00309.jpg 0.43359375 0.4821826171875 0.56640625 0.5178173828125
./data/training_data/mix/crop_original/00310.jpg 0.42529296875 0.4801953125 0.57470703125 0.5198046875000001
./data/training_data/mix/crop_original/00311.jpg 0.42529296874999994 0.48022460937500006 0.57470703125 0.5197753906250001
./data/training_data/mix/crop_original/00312.jpg 0.42529296875 0.48020996093749996 0.57470703125 0.5197900390625
./data/training_data/mix/crop_original/00313.jpg 0.42529296875 0.4802050781249999 0.57470703125 0.519794921875
./data/training_data/mix/crop_original/00314.jpg 0.42529296875 0.48022460937500006 0.57470703125 0.519775390625
./data/training_data/mix/crop_original/00315.jpg 0.08496093749999994 0.3901367187499997 0.9150390625 0.6098632812500002
./data/training_data/mix/crop_original/00316.jpg 0.25927734374999994 0.4362597656249999 0.74072265625 0.5637402343750001
./data/training_data/mix/crop_original/00317.jpg 0.27587890625 0.4406591796874999 0.72412109375 0.5593408203124998
./data/training_data/mix/crop_original/00318.jpg 0.08496093749999994 0.3901367187499997 0.9150390625 0.6098632812499996
./data/training_data/mix/crop_original/00319.jpg 0.09326171875 0.3923339843750004 0.90673828125 0.6076660156250002
./data/training_data/mix/crop_original/00320.jpg 0.2094726562499999 0.42301757812500024 0.79052734375 0.5769824218750002
./data/training_data/mix/crop_original/00321.jpg 0.267578125 0.4383496093750001 0.7324218750000001 0.5616503906249999
./data/training_data/mix/crop_original/00322.jpg 0.3007812499999999 0.44719726562499984 0.6992187499999999 0.5528027343750002
./data/training_data/mix/crop_original/00323.jpg 0.26757812500000006 0.4383007812500001 0.732421875 0.5616992187499998
./data/training_data/mix/crop_original/00324.jpg 0.40869140625 0.47563476562499984 0.59130859375 0.5243652343749999
./data/training_data/mix/crop_original/00325.jpg 0.32568359375 0.45369140625 0.67431640625 0.54630859375
./data/training_data/mix/crop_original/00326.jpg 0.25927734375 0.43605468750000004 0.74072265625 0.5639453125000004
./data/training_data/mix/crop_original/00327.jpg 0.30908203125 0.4492382812500003 0.69091796875 0.55076171875
./data/training_data/mix/crop_original/00328.jpg 0.42529296875 0.48020507812499996 0.57470703125 0.519794921875
./data/training_data/mix/crop_original/00329.jpg 0.40869140625 0.47563476562499984 0.59130859375 0.5243652343750002
./data/training_data/mix/crop_original/00330.jpg 0.06712962962962954 0.3852675024797978 0.9328703703703705 0.6147324975202022
./data/training_data/mix/crop_original/00331.jpg 0.29248046875 0.4448583984375002 0.70751953125 0.5551416015625001
./data/training_data/mix/crop_original/00332.jpg 0.027777777777777846 0.375030517578125 0.9722222222222222 0.624969482421875
./data/training_data/mix/crop_original/00333.jpg 0.21777343750000006 0.42505371093749966 0.7822265625 0.5749462890624999
./data/training_data/mix/crop_original/00334.jpg 0.24267578125 0.4317773437499999 0.75732421875 0.5682226562500001
./data/training_data/mix/crop_original/00335.jpg 0.30908203125 0.4493359375000001 0.69091796875 0.5506640624999999
./data/training_data/mix/crop_original/00336.jpg 0.2177734375 0.4251123046874997 0.7822265625 0.5748876953125003
./data/training_data/mix/crop_original/00337.jpg 0.09624999999999995 0.3930447823660713 0.90375 0.6069552176339287
./data/training_data/mix/crop_original/00338.jpg 0.23437499999999994 0.4296875 0.765625 0.5703125
./data/training_data/mix/crop_original/00339.jpg 0.1181640625 0.39890625000000024 0.8818359375 0.6010937500000003
./data/training_data/mix/crop_original/00340.jpg 0.28417968750000006 0.44285156250000024 0.7158203125 0.5571484374999998
./data/training_data/mix/crop_original/00341.jpg 0.28417968749999994 0.44270507812499993 0.7158203125 0.5572949218750001
./data/training_data/mix/crop_original/00342.jpg 0.1679687500000001 0.4121093749999998 0.83203125 0.5878906250000002
./data/training_data/mix/crop_original/00343.jpg 0.34228515625000006 0.4580908203125001 0.65771484375 0.5419091796875
./data/training_data/mix/crop_original/00344.jpg 0.3173828125 0.4514794921875 0.6826171875 0.5485205078125003
./data/training_data/mix/crop_original/00345.jpg 0.40869140625 0.47575195312500007 0.59130859375 0.5242480468750002
./data/training_data/mix/crop_original/00346.jpg 0.22607421875 0.4272802734374999 0.77392578125 0.5727197265625001
./data/training_data/mix/crop_original/00347.jpg 0.40869140625 0.475634765625 0.59130859375 0.5243652343750002
./data/training_data/mix/crop_original/00348.jpg 0.2177734375 0.4251708984374996 0.7822265625 0.5748291015625
./data/training_data/mix/crop_original/00349.jpg 0.2509765625 0.43408203124999983 0.7490234374999999 0.5659179687499998
./data/training_data/mix/crop_original/00350.jpg 0.1679687500000001 0.4121093750000001 0.83203125 0.5878906250000003
./data/training_data/mix/crop_original/00351.jpg 0.42529296875 0.4801171875000001 0.57470703125 0.5198828124999999
./data/training_data/mix/crop_original/00352.jpg 0.40039062499999994 0.47346191406249993 0.599609375 0.5265380859375001
./data/training_data/mix/crop_original/00353.jpg 0.17626953125 0.4141992187500003 0.82373046875 0.5858007812499997
./data/training_data/mix/crop_original/00354.jpg 0.24267578125 0.43176269531249983 0.75732421875 0.5682373046874998
./data/training_data/mix/crop_original/00355.jpg 0.31738281249999994 0.45165039062500023 0.6826171875 0.5483496093750001
./data/training_data/mix/crop_original/00356.jpg 0.40869140625 0.47581054687500013 0.59130859375 0.524189453125
./data/training_data/mix/crop_original/00357.jpg 0.42529296875 0.4801220703124999 0.57470703125 0.5198779296875
./data/training_data/mix/crop_original/00358.jpg 0.39208984375 0.4712939453125 0.60791015625 0.5287060546875
./data/training_data/mix/crop_original/00359.jpg 0.25927734375 0.4360498046874999 0.74072265625 0.5639501953125001
./data/training_data/mix/crop_original/00360.jpg 0.3671875 0.46467773437500015 0.6328125 0.5353222656250001
./data/training_data/mix/crop_original/00361.jpg 0.26757812499999994 0.4384765625000001 0.7324218749999999 0.5615234374999999
./data/training_data/mix/crop_original/00362.jpg 0.21777343749999994 0.42519531250000037 0.7822265625 0.5748046875
./data/training_data/mix/crop_original/00363.jpg 0.0762283236994219 0.38779420413209476 0.9237716763005781 0.6122057958679059
./data/training_data/mix/crop_original/00364.jpg 0.33398437500000006 0.45588378906250004 0.666015625 0.5441162109375
./data/training_data/mix/crop_original/00365.jpg 0.32568359375 0.4537255859374999 0.67431640625 0.5462744140624999
./data/training_data/mix/crop_original/00366.jpg 0.30908203125 0.44931640624999986 0.69091796875 0.5506835937500002
./data/training_data/mix/crop_original/00367.jpg 0.1845703125000001 0.4164599609374998 0.8154296875000001 0.5835400390625002
./data/training_data/mix/crop_original/00368.jpg 0.19287109374999978 0.4184863281249999 0.80712890625 0.5815136718749997
./data/training_data/mix/crop_original/00369.jpg 0.26757812500000006 0.43842773437499993 0.732421875 0.5615722656249997
./data/training_data/mix/crop_original/00370.jpg 0.2509765625 0.4340820312500002 0.7490234375 0.5659179687500001
./data/training_data/mix/crop_original/00371.jpg 0.400390625 0.4735742187499999 0.599609375 0.5264257812500002
./data/training_data/mix/crop_original/00372.jpg 0.10190806591500434 0.39450794188682914 0.8980919340849958 0.6054920581131702
./data/training_data/mix/crop_original/00373.jpg 0.32568359375 0.45378417968749984 0.67431640625 0.5462158203125002
./data/training_data/mix/crop_original/00374.jpg 0.2841796875 0.4428222656249998 0.7158203125 0.5571777343749998
./data/training_data/mix/crop_original/00375.jpg 0.07666015625000011 0.38789062500000004 0.92333984375 0.6121093750000006
./data/training_data/mix/crop_original/00376.jpg 0.333984375 0.4560205078125001 0.666015625 0.5439794921875002
./data/training_data/mix/crop_original/00377.jpg 0.30078125 0.4471728515624999 0.69921875 0.5528271484375
./data/training_data/mix/crop_original/00378.jpg 0.07659774436090239 0.3879190185546871 0.9234022556390977 0.612080981445313
./data/training_data/mix/crop_original/00379.jpg 0.267578125 0.4384765625000001 0.732421875 0.5615234374999999
./data/training_data/mix/crop_original/00380.jpg 0.400390625 0.4734863281250001 0.599609375 0.5265136718750001
./data/training_data/mix/crop_original/00381.jpg 0.1181640625 0.3989111328125007 0.8818359375 0.6010888671874999
./data/training_data/mix/crop_original/00382.jpg 0.42529296875 0.48016601562500005 0.57470703125 0.5198339843750001
./data/training_data/mix/crop_original/00383.jpg 0.27587890625000006 0.44065917968750024 0.72412109375 0.5593408203125001
./data/training_data/mix/crop_original/00384.jpg 0.2509765625 0.4340820312500001 0.7490234375 0.5659179687499999
./data/training_data/mix/crop_original/00385.jpg 0.09625000000000006 0.3930447823660713 0.90375 0.6069552176339281
./data/training_data/mix/crop_original/00386.jpg 0.29248046875 0.4450683593749999 0.70751953125 0.5549316406250001
./data/training_data/mix/crop_original/00387.jpg 0.3173828125 0.45166015625000006 0.6826171875 0.5483398437499999
./data/training_data/mix/crop_original/00388.jpg 0.30908203125 0.44937988281249985 0.69091796875 0.5506201171875001
./data/training_data/mix/crop_original/00389.jpg 0.32568359375 0.45364257812500003 0.67431640625 0.5463574218749999
./data/training_data/mix/crop_original/00390.jpg 0.1181640625 0.39875 0.8818359375 0.6012499999999994
./data/training_data/mix/crop_original/00391.jpg 0.2841796875 0.44279296875000007 0.7158203124999999 0.5572070312499996
./data/training_data/mix/crop_original/00392.jpg 0.34228515625 0.4582128906249999 0.65771484375 0.5417871093749999
./data/training_data/mix/crop_original/00393.jpg 0.42529296875 0.480185546875 0.57470703125 0.519814453125
./data/training_data/mix/crop_original/00394.jpg 0.40869140624999994 0.475634765625 0.59130859375 0.5243652343749999
./data/training_data/mix/crop_original/00395.jpg 0.29248046875 0.44492187500000013 0.70751953125 0.5550781250000001
./data/training_data/mix/crop_original/00396.jpg 0.27587890625 0.4406152343749998 0.72412109375 0.5593847656249998
./data/training_data/mix/crop_original/00397.jpg 0.27587890625 0.44043457031250005 0.72412109375 0.5595654296875002
./data/training_data/mix/crop_original/00398.jpg 0.400390625 0.47356445312499995 0.599609375 0.5264355468749999
./data/training_data/mix/crop_original/00399.jpg 0.3671874999999999 0.4646874999999999 0.6328125 0.5353125000000001
./data/training_data/mix/crop_original/00400.jpg 0.4169921875 0.47798828125 0.5830078125 0.52201171875
./data/training_data/mix/crop_original/00401.jpg 0.234375 0.4296875000000002 0.7656249999999999 0.5703125000000002
./data/training_data/mix/crop_original/00402.jpg 0.1679687500000001 0.412109375 0.8320312499999999 0.587890625
./data/training_data/mix/crop_original/00403.jpg 0.07499999999999973 0.3875000000000004 0.9249999999999998 0.6125000000000003
