data/training_data/mix/watermark/00001.jpg 0.2574005476885474 0.8462980837989231 0.4306342433407213 0.8895141963308923
data/training_data/mix/watermark/00002.jpg 0.06476317737673865 0.938059281307925 0.2726436121593473 0.9748346436267655
data/training_data/mix/watermark/00003.jpg 0.030452861970298655 0.9430949789198081 0.24295286197029867 0.9805949789198082
data/training_data/mix/watermark/00004.jpg 0.4724025599432576 0.6558408442622579 0.6629596251606489 0.6962104094796491
data/training_data/mix/watermark/00005.jpg 0.1555909961687533 0.8701925001944922 0.36057491899833527 0.905562291861159
data/training_data/mix/watermark/00006.jpg 0.026178505547025423 0.9157192899072992 0.23553811145835546 0.9526701095794303
data/training_data/mix/watermark/00007.jpg 0.08970491297894836 0.8888464348631715 0.27448752167460055 0.9294545429712796
data/training_data/mix/watermark/00008.jpg 0.13271013425162786 0.8491794356759585 0.32159902314051675 0.8892349912315142
data/training_data/mix/watermark/00009.jpg 0.1832737710913312 0.953481815111893 0.3911542058739399 0.9902571774307335
data/training_data/mix/watermark/00010.jpg 0.09040237925744686 0.871708478024403 0.2704871250201587 0.9101067831091487
data/training_data/mix/watermark/00011.jpg 0.10231656746786852 0.933101490922651 0.30064990080120185 0.9724764909226511
data/training_data/mix/watermark/00012.jpg 0.0418159140693136 0.868634847247389 0.2543159140693136 0.906134847247389
data/training_data/mix/watermark/00013.jpg 0.48849752885929576 0.7808108338332175 0.6848290505984262 0.8198449826609443
data/training_data/mix/watermark/00014.jpg 0.03639010216895658 0.8776565770269965 0.21539825434286963 0.9192053285133224
data/training_data/mix/watermark/00015.jpg 0.16075381851742054 0.9005129742357856 0.3496427074063094 0.9405685297913411
data/training_data/mix/watermark/00016.jpg 0.012428144135458348 0.9223352329316217 0.2248688031692478 0.9598226677789783
data/training_data/mix/watermark/00017.jpg 0.013461410897044123 0.9200187640435413 0.2033768698342422 0.9601947524716995
data/training_data/mix/watermark/00018.jpg 0.08062712574983269 0.8762329653754509 0.28523510374157957 0.9134992543272922
data/training_data/mix/watermark/00019.jpg 0.0889461547163362 0.7429191716205383 0.2695711547163362 0.7837578297675033
data/training_data/mix/watermark/00020.jpg 0.11527955876475093 0.5991165122938776 0.31624278118156357 0.6371508872938776
data/training_data/mix/watermark/00021.jpg 0.35041259996965995 0.6680861016073215 0.5585758652757824 0.7049214010628568
data/training_data/mix/watermark/00022.jpg 0.30731472706098967 0.7959287743227512 0.5129598883513122 0.8326850175366494
data/training_data/mix/watermark/00023.jpg 0.08106530310411056 0.8030447968886946 0.29205821090552897 0.8403083902693093
data/training_data/mix/watermark/00024.jpg 0.29614903012981175 0.7002952103569824 0.4651831210389027 0.7450679376297096
data/training_data/mix/watermark/00025.jpg 0.01943089599536912 0.6841749446544847 0.21776422932870243 0.7235499446544846
data/training_data/mix/watermark/00026.jpg 0.028330653969076247 0.8278365192041234 0.19434627896907625 0.8718990192041234
data/training_data/mix/watermark/00027.jpg 0.5614252909044559 0.6442163759029091 0.7695885562105783 0.6810205463471521
data/training_data/mix/watermark/00028.jpg 0.10575120454468159 0.9052680563790968 0.29275120454468156 0.9449482269547896
data/training_data/mix/watermark/00029.jpg 0.02812560645896036 0.9491729990251507 0.21868267167635166 0.9895425642425422
data/training_data/mix/watermark/00030.jpg 0.06843794644265633 0.7857530896035507 0.2589950116600476 0.826122654820942
data/training_data/mix/watermark/00031.jpg 0.11754513773476748 0.6800627481279763 0.3265615311773904 0.7170432168779763
data/training_data/mix/watermark/00032.jpg 0.2174330284959345 0.9400568796216278 0.4057853012232072 0.9800114250761732
data/training_data/mix/watermark/00033.jpg 0.28446782996463243 0.9246996122305898 0.4923482647472412 0.9614749745494303
data/training_data/mix/watermark/00034.jpg 0.011274751334645963 0.6695007997441266 0.22377475133464594 0.7070007997441266
data/training_data/mix/watermark/00035.jpg 0.20542058171723995 0.920277645119161 0.41508724838390665 0.9573639440515452
data/training_data/mix/watermark/00036.jpg 0.040817122436020835 0.8267486314782334 0.23960744501666598 0.8640832951042312
data/training_data/mix/watermark/00037.jpg 0.113919392064037 0.9323180044859831 0.27969953390800867 0.9763250966845645
data/training_data/mix/watermark/00038.jpg 0.5298256680822758 0.8823392230383694 0.7423256680822758 0.9197461379319865
data/training_data/mix/watermark/00039.jpg 0.188307569862025 0.911293609954986 0.3771964587509139 0.9501022037049859
data/training_data/mix/watermark/00040.jpg 0.02293758073016824 0.8785307056667515 0.21662247656350156 0.9170853931667515
data/training_data/mix/watermark/00041.jpg 0.013502448810788444 0.8636710474348878 0.24961355992189954 0.8988272974348878
data/training_data/mix/watermark/00042.jpg 0.006313557946773308 0.7762683589064201 0.1763135579467733 0.82126835890642
data/training_data/mix/watermark/00043.jpg 0.2593081129993385 0.9124564043547894 0.45370874391416505 0.9524380220018482
data/training_data/mix/watermark/00044.jpg 0.006926964539368668 0.7261143339555489 0.21844316824307236 0.7634600129678946
data/training_data/mix/watermark/00045.jpg 0.020732748437525556 0.9304586769984802 0.231725656238944 0.9664934546495634
data/training_data/mix/watermark/00046.jpg 0.12709065844120646 0.8386945386357814 0.34616282338966003 0.8754592445181343
data/training_data/mix/watermark/00047.jpg 0.022064016201719577 0.819916617151124 0.23456401620171957 0.857416617151124
data/training_data/mix/watermark/00048.jpg 0.24755090453278758 0.9225917509856894 0.4509514083111251 0.9584682117536361
data/training_data/mix/watermark/00049.jpg 0.09434889825328942 0.7458098430439151 0.3022293330358981 0.7826474111019912
data/training_data/mix/watermark/00050.jpg 0.031458195519301284 0.8740414885202952 0.24077297067990083 0.9110664885202953
data/training_data/mix/watermark/00051.jpg 0.20087994924238353 0.9491470994305233 0.40414081880760094 0.9861993382364936
data/training_data/mix/watermark/00052.jpg 0.02415144688888201 0.9171059640820707 0.24358079471496896 0.953311547838416
data/training_data/mix/watermark/00053.jpg 0.2242983809905557 0.9163960518285797 0.4240847057768805 0.9529695812403444
data/training_data/mix/watermark/00054.jpg 0.03840799309495711 0.8441480927919158 0.18715799309495712 0.8966064608185603
data/training_data/mix/watermark/00055.jpg 0.2604813758574852 0.7469740481275648 0.47083491121102056 0.7841140212096643
data/training_data/mix/watermark/00056.jpg 0.1658818443697193 0.9046830117776755 0.3749839353906295 0.9416358806301347
data/training_data/mix/watermark/00057.jpg 0.025591540710349976 0.8242307545578975 0.21152904071034997 0.8637770624427538
data/training_data/mix/watermark/00058.jpg 0.15171139767487804 0.7755853344131317 0.31772702267487807 0.8196478344131318
data/training_data/mix/watermark/00059.jpg 0.009013154877852881 0.9380124940591273 0.16725783572891673 0.9844536705297156
data/training_data/mix/watermark/00060.jpg 0.2799874494180851 0.6397066058531984 0.4747791160847517 0.6784566058531984
data/training_data/mix/watermark/00061.jpg 0.23399719086512277 0.7896889610156795 0.42828290515083706 0.8284014073676109
data/training_data/mix/watermark/00062.jpg 0.22749140021819753 0.6375929873770092 0.4599132752181975 0.6722546745474836
data/training_data/mix/watermark/00063.jpg 0.52168485398996 0.8709566460026015 0.712569926645178 0.9112780369404307
data/training_data/mix/watermark/00064.jpg 0.36172396630280346 0.9364210444011761 0.5598658581946954 0.9752710444011762
data/training_data/mix/watermark/00065.jpg 0.16758987269598127 0.8666884475317481 0.3800898726959813 0.9041884475317481
data/training_data/mix/watermark/00066.jpg 0.18967399708231109 0.6291003330797412 0.38285581526412926 0.6686829341342226
data/training_data/mix/watermark/00067.jpg 0.011875075016840677 0.63715855079376 0.18108803797980363 0.6819733656085748
data/training_data/mix/watermark/00068.jpg 0.15930807663732613 0.8236176227075966 0.3437698821928817 0.8628398449298189
data/training_data/mix/watermark/00069.jpg 0.014353671549025296 0.9464967097959109 0.22045735047879117 0.9828800431292443
data/training_data/mix/watermark/00070.jpg 0.5923187020323458 0.7637558306487116 0.8029042876179314 0.8009208306487114
data/training_data/mix/watermark/00071.jpg 0.011762610406770268 0.7898120887647688 0.23090323540677024 0.825201822605073
data/training_data/mix/watermark/00072.jpg 0.07968381375218436 0.7150107745544874 0.26857270264107325 0.7550663301100429
data/training_data/mix/watermark/00073.jpg 0.5399379489109182 0.9060634454846207 0.7524379489109182 0.9435634454846208
data/training_data/mix/watermark/00074.jpg 0.12173202606609795 0.9371949722324271 0.2888668575267721 0.9815208149290563
data/training_data/mix/watermark/00075.jpg 0.33062092341125887 0.9437108453825481 0.5632392666065251 0.9784525120492147
data/training_data/mix/watermark/00076.jpg 0.09384096921509663 0.9457301304400096 0.2739257149778085 0.9841284355247554
data/training_data/mix/watermark/00077.jpg 0.09772985348963262 0.7265715032175905 0.2619343989441781 0.7722695939097145
data/training_data/mix/watermark/00078.jpg 0.1490076290711926 0.9423460104868204 0.35226849863640997 0.9800819313391798
data/training_data/mix/watermark/00079.jpg 0.014121410258454302 0.6592924087287193 0.21045293199758475 0.6983265575564461
data/training_data/mix/watermark/00080.jpg 0.029750742800271734 0.9478088360602829 0.24714204714809782 0.9830861798102829
data/training_data/mix/watermark/00081.jpg 0.13423819005214618 0.905448147618899 0.30004927834783407 0.9496767337902096
data/training_data/mix/watermark/00082.jpg 0.2425790547883291 0.9400934897412392 0.4423653795746539 0.9770726564079059
data/training_data/mix/watermark/00083.jpg 0.06230799324937343 0.9020121711661878 0.20975697284121017 0.9541040079008818
data/training_data/mix/watermark/00084.jpg 0.023275951072149685 0.9461195854511392 0.23354581613961595 0.9832870854511392
data/training_data/mix/watermark/00085.jpg 0.47185314663976896 0.8844271348830568 0.6701864799731023 0.9238021348830568
data/training_data/mix/watermark/00086.jpg 0.0854855537753714 0.9295462068031096 0.2844217239881373 0.9681443376442311
data/training_data/mix/watermark/00087.jpg 0.36569153198180177 0.9437875386170669 0.5781915319818017 0.9812875386170669
data/training_data/mix/watermark/00088.jpg 0.08654236228695286 0.45569830671760614 0.22176963501422559 0.5116496341512344
data/training_data/mix/watermark/00089.jpg 0.08296803916469501 0.7702547730971216 0.29084847394730373 0.8071547730971216
data/training_data/mix/watermark/00090.jpg 0.009407484332814702 0.9023285696806962 0.14634065855715836 0.9568768702173688
data/training_data/mix/watermark/00091.jpg 0.36470076542172336 0.7028541818328422 0.5772007654217234 0.7403541818328423
data/training_data/mix/watermark/00092.jpg 0.1204801423487007 0.8542500320492876 0.27788754975610813 0.9007706506059887
data/training_data/mix/watermark/00093.jpg 0.2367616367723339 0.8908276302892826 0.472872747883445 0.9259838802892826
data/training_data/mix/watermark/00094.jpg 0.018377930049743897 0.9509211123717268 0.254489041160855 0.9844445498717268
data/training_data/mix/watermark/00095.jpg 0.08412597201280303 0.9008241687823082 0.2898987839308663 0.9372478660527795
data/training_data/mix/watermark/00096.jpg 0.2871442427726562 0.6402488184790429 0.4968109094393229 0.6770301235936814
data/training_data/mix/watermark/00097.jpg 0.031771315559661055 0.763373641397658 0.2653706063398029 0.7987105208302819
data/training_data/mix/watermark/00098.jpg 0.15229351184149748 0.9041701896749107 0.3601739466241062 0.9409455519937514
data/training_data/mix/watermark/00099.jpg 0.2790510525853161 0.9432831175498394 0.5930352214507514 0.9740521605185893
data/training_data/mix/watermark/00100.jpg 0.16454304424389418 0.9305036326589128 0.3136658512614381 0.9824459403512205
data/training_data/mix/watermark/00101.jpg 0.2451857463645401 0.9446823005898038 0.4348551678521434 0.9831375338811028
data/training_data/mix/watermark/00102.jpg 0.26313044966233823 0.9012882108782104 0.41767590420779277 0.9510257799389841
data/training_data/mix/watermark/00103.jpg 0.3659741444205122 0.8857285411573105 0.5556435659081155 0.9250188637379557
data/training_data/mix/watermark/00104.jpg 0.03140045817597657 0.823233066318853 0.2227374295265905 0.8630669355578668
data/training_data/mix/watermark/00105.jpg 0.22301188426354782 0.9078173792062809 0.42110510460253087 0.9431502403960825
data/training_data/mix/watermark/00106.jpg 0.0681018278661257 0.9003534966921276 0.2564541005933984 0.9403421227157853
data/training_data/mix/watermark/00107.jpg 0.07235310831649974 0.587096167608399 0.21240992649831797 0.6427477860070361
data/training_data/mix/watermark/00108.jpg 0.16573341221118898 0.8953569296557801 0.3419529244063109 0.9355661346767007
data/training_data/mix/watermark/00109.jpg 0.1309163063138144 0.9286989638770845 0.3334553688138144 0.9670248567342274
data/training_data/mix/watermark/00110.jpg 0.3737552384166299 0.8373106716460686 0.5186416020529936 0.8882317242776475
data/training_data/mix/watermark/00111.jpg 0.1305928131396576 0.9246151201754972 0.3282672317443087 0.96161288803264
data/training_data/mix/watermark/00112.jpg 0.03990931857615572 0.800336431024871 0.2514759364385276 0.837707036493621
data/training_data/mix/watermark/00113.jpg 0.14966316461873239 0.9136093448323636 0.3412250094824641 0.9532189114717747
data/training_data/mix/watermark/00114.jpg 0.30177483876721567 0.7147866029461143 0.5142748387672157 0.7522866029461143
data/training_data/mix/watermark/00115.jpg 0.07941002723391723 0.9390687433368379 0.24862299019688017 0.9838835581516525
data/training_data/mix/watermark/00116.jpg 0.29320430011593607 0.6302503499548747 0.5010847348985448 0.6670257122737153
data/training_data/mix/watermark/00117.jpg 0.1642946454851359 0.7501254319093135 0.3767946454851359 0.7876254319093134
data/training_data/mix/watermark/00118.jpg 0.01184618669510355 0.8506384123267341 0.21584618669510355 0.886835031543816
data/training_data/mix/watermark/00119.jpg 0.02364882131359642 0.6561487654720357 0.21446514784420867 0.6965568177027212
data/training_data/mix/watermark/00120.jpg 0.005657739087869533 0.8531421890194708 0.14845773908786952 0.9041636943958149
data/training_data/mix/watermark/00121.jpg 0.05194806952329075 0.8696583047276147 0.26444806952329075 0.9071583047276147
data/training_data/mix/watermark/00122.jpg 0.457226443319848 0.8411074902365521 0.6697264433198481 0.8784680480054763
data/training_data/mix/watermark/00123.jpg 0.5086112685489093 0.9518432784394985 0.7193550702018018 0.9895527756462024
data/training_data/mix/watermark/00124.jpg 0.20661336421013873 0.88246260863087 0.42811173554564363 0.91771163206837
data/training_data/mix/watermark/00125.jpg 0.01990215217634663 0.7183521947568722 0.20092067069486513 0.7601898361138996
data/training_data/mix/watermark/00126.jpg 0.2288023425051095 0.759352181248445 0.37991345361622064 0.8098213689235151
data/training_data/mix/watermark/00127.jpg 0.10588995251038655 0.6777932712067103 0.24534307751038656 0.7332206716750944
data/training_data/mix/watermark/00128.jpg 0.3382723421788054 0.584538667197619 0.5298707028345432 0.6233199171976189
data/training_data/mix/watermark/00129.jpg 0.007040061221575803 0.946580670385125 0.19120672788824247 0.9845188147150218
data/training_data/mix/watermark/00130.jpg 0.38646526836909767 0.9073766581389305 0.5945072264110557 0.9443649393889306
data/training_data/mix/watermark/00131.jpg 0.012064220195555642 0.798962269495543 0.20608595932599044 0.8381648378468272
data/training_data/mix/watermark/00132.jpg 0.028022182566738253 0.7782460705455208 0.2641332936778494 0.8134023205455208
data/training_data/mix/watermark/00133.jpg 0.013933212274208576 0.8464429784474493 0.1595434906467996 0.898063150121269
data/training_data/mix/watermark/00134.jpg 0.38622871782490614 0.9409960745707433 0.575117606713795 0.9810725059214938
data/training_data/mix/watermark/00135.jpg 0.2150106593563838 0.90404651550478 0.42657727721875577 0.94141712097353
data/training_data/mix/watermark/00136.jpg 0.08096447006335122 0.8040397313273534 0.29346447006335125 0.8415397313273534
data/training_data/mix/watermark/00137.jpg 0.22483538605176562 0.9261595429278044 0.41714307835945796 0.9638345429278046
data/training_data/mix/watermark/00138.jpg 0.010882130623711963 0.6719910399649334 0.2074680337074124 0.7113827066316001
data/training_data/mix/watermark/00139.jpg 0.11664768192202787 0.9499492360173171 0.3468217631599389 0.9843235559302659
data/training_data/mix/watermark/00140.jpg 0.02736761660209983 0.9314391020137573 0.2327842832687665 0.969737224079485
data/training_data/mix/watermark/00141.jpg 0.06609879763538713 0.8937098410752703 0.2684797500163395 0.9321839621690203
data/training_data/mix/watermark/00142.jpg 0.08981922228573974 0.940981775364798 0.3008121300871582 0.9782453687454126
data/training_data/mix/watermark/00143.jpg 0.2828240626436487 0.7376623796308553 0.4907044974262574 0.7744377419496958
data/training_data/mix/watermark/00144.jpg 0.22922111906950246 0.8235590447322867 0.36867424406950244 0.8781327774511807
data/training_data/mix/watermark/00145.jpg 0.196380019246067 0.9184292374140222 0.34513001924606695 0.9709292374140222
data/training_data/mix/watermark/00146.jpg 0.18309227642618806 0.8189837187133167 0.3497589430928547 0.8631994049878264
data/training_data/mix/watermark/00147.jpg 0.08295890928488062 0.9175782305760655 0.2908393440674893 0.9543535928949062
data/training_data/mix/watermark/00148.jpg 0.05218734609483838 0.9474122359624688 0.2882984572059495 0.9825684859624688
data/training_data/mix/watermark/00149.jpg 0.026351875251180868 0.944468152463684 0.24578122307726782 0.9802235781731999
data/training_data/mix/watermark/00150.jpg 0.11603278132456668 0.8688028945077179 0.3277027031995667 0.9061726861743846
data/training_data/mix/watermark/00151.jpg 0.08831216690852807 0.9070917360817476 0.25744481996975255 0.9519308576343524
data/training_data/mix/watermark/00152.jpg 0.007301699852697631 0.7469373724137378 0.2170656483505517 0.7839588009851663
data/training_data/mix/watermark/00153.jpg 0.13616770576489948 0.7319596801499038 0.33292696502415875 0.7710569023721259
data/training_data/mix/watermark/00154.jpg 0.0845177021737516 0.7670213788611071 0.2970177021737516 0.8045213788611072
data/training_data/mix/watermark/00155.jpg 0.015204095991163364 0.9244480286628882 0.15631737724116337 0.9805157942306538
data/training_data/mix/watermark/00156.jpg 0.10662081036046608 0.8232834041350643 0.3143985881382439 0.8609010958586787
data/training_data/mix/watermark/00157.jpg 0.0876059468115992 0.8891406986734383 0.30075184346813416 0.9262856986734382
data/training_data/mix/watermark/00158.jpg 0.47945678105718115 0.8494722415849038 0.659541526819893 0.8866935530603137
data/training_data/mix/watermark/00159.jpg 0.4532645139668092 0.8743779851120094 0.6622809074094321 0.9113584538620094
data/training_data/mix/watermark/00160.jpg 0.3004584023109088 0.8382652137199654 0.5089489683486447 0.8751362829023553
data/training_data/mix/watermark/00161.jpg 0.07661811703039727 0.9153508034127977 0.28911811703039725 0.9528508034127977
data/training_data/mix/watermark/00162.jpg 0.02985672638879557 0.9434136396962152 0.24065672638879554 0.9804078134250288
data/training_data/mix/watermark/00163.jpg 0.2841077778978473 0.9411930991863772 0.49198821268045595 0.9779684615052177
data/training_data/mix/watermark/00164.jpg 0.02913510069745103 0.6629067616356068 0.19913510069745105 0.7079067616356068
data/training_data/mix/watermark/00165.jpg 0.10070197539317761 0.8931678073830494 0.2971464198376221 0.932209474049716
data/training_data/mix/watermark/00166.jpg 0.05151470065528809 0.8322110247026054 0.2826021711044607 0.8667876913692721
data/training_data/mix/watermark/00167.jpg 0.03618104733460001 0.8521375124555501 0.24434431264072246 0.8889416828997929
data/training_data/mix/watermark/00168.jpg 0.014026436716424624 0.7332679806109115 0.1753690293090172 0.7787797916345335
data/training_data/mix/watermark/00169.jpg 0.15918757983669948 0.8039688900948508 0.3716875798366995 0.8414688900948508
data/training_data/mix/watermark/00170.jpg 0.2159258818085938 0.8709168084158218 0.4284258818085938 0.9084168084158218
data/training_data/mix/watermark/00171.jpg 0.02514750909155018 0.8341885549118997 0.23363807512928603 0.8708448049118998
data/training_data/mix/watermark/00172.jpg 0.033483317047151524 0.9027986234773795 0.21433438087693873 0.9427764995835742
data/training_data/mix/watermark/00173.jpg 0.08995435656200343 0.9549601286361499 0.3225726997572697 0.9897017953028163
data/training_data/mix/watermark/00174.jpg 0.43946277676243023 0.9363651080705431 0.6376274593021127 0.9757103461657811
data/training_data/mix/watermark/00175.jpg 0.333127345042967 0.9356488157317338 0.5645629886073235 0.9701961694921795
data/training_data/mix/watermark/00176.jpg 0.19062359653902802 0.9024903127593741 0.3985040313216367 0.9393590684360316
data/training_data/mix/watermark/00177.jpg 0.15699888893214298 0.8717954542000139 0.36601528237476594 0.9089764222968236
data/training_data/mix/watermark/00178.jpg 0.032501592380250646 0.9457481825256198 0.22305865759764193 0.9861177477430111
data/training_data/mix/watermark/00179.jpg 0.26727698874955286 0.8824216072434039 0.4652883523859165 0.9208318316823069
data/training_data/mix/watermark/00180.jpg 0.09265325155218046 0.9496956775716666 0.3042609300164876 0.9870626775716665
data/training_data/mix/watermark/00181.jpg 0.5576627023706264 0.9227822800770856 0.7679325674380927 0.9599497800770856
data/training_data/mix/watermark/00182.jpg 0.2505269576050917 0.811116649787072 0.4866380687162028 0.846272899787072
data/training_data/mix/watermark/00183.jpg 0.05447260946620839 0.9146295688403947 0.28807190024635027 0.9494748782216323
data/training_data/mix/watermark/00184.jpg 0.15970522066301954 0.8412076202652055 0.37220522066301953 0.8787076202652054
data/training_data/mix/watermark/00185.jpg 0.1272589754750084 0.6796164482107189 0.31850897547500834 0.720116448210719
data/training_data/mix/watermark/00186.jpg 0.1095280420049538 0.7165124343496987 0.3431273327850956 0.7513254951672461
data/training_data/mix/watermark/00187.jpg 0.42736525578587203 0.924836456570769 0.6157517806085671 0.9647974494785705
data/training_data/mix/watermark/00188.jpg 0.07070564752331265 0.8577199299720003 0.2399186104862756 0.9025347447868151
data/training_data/mix/watermark/00189.jpg 0.1340118220090603 0.8632258191487905 0.3265899470090603 0.9031799195159876
data/training_data/mix/watermark/00190.jpg 0.25231081364393937 0.9132380973428693 0.3826441469772728 0.9746835949732011
data/training_data/mix/watermark/00191.jpg 0.03762239836714656 0.8519503134246046 0.24635363984054354 0.8888434952427864
data/training_data/mix/watermark/00192.jpg 0.11686940971636801 0.7610810547227385 0.3631546994637677 0.7953642578477385
data/training_data/mix/watermark/00193.jpg 0.27851923612043306 0.9087732295922172 0.5323386805648774 0.9423843407033284
data/training_data/mix/watermark/00194.jpg 0.13172521057226128 0.8803820211513198 0.3389127105722613 0.9171916445822822
data/training_data/mix/watermark/00195.jpg 0.21879031595563395 0.8726766278561657 0.40741722302914296 0.9126932760248673
data/training_data/mix/watermark/00196.jpg 0.03969725056459282 0.8790640574604648 0.17994725056459282 0.9348673607637682
data/training_data/mix/watermark/00197.jpg 0.16603534053536728 0.8433699033855006 0.40114172351409066 0.8784018267693792
data/training_data/mix/watermark/00198.jpg 0.2302078366514128 0.9386005709787002 0.41842212236569853 0.9785291424072716
data/training_data/mix/watermark/00199.jpg 0.1948137227223953 0.7319758825587084 0.4064578091376278 0.7693458776758959
data/training_data/mix/watermark/00200.jpg 0.07938586409353249 0.9266372419962197 0.29188586409353245 0.9641372419962196
data/training_data/mix/watermark/00201.jpg 0.022376272748421484 0.904329128354048 0.2093762727484215 0.9440489789410277
data/training_data/mix/watermark/00202.jpg 0.5259232382661511 0.7957007605765287 0.7620343493772623 0.8308570105765287
data/training_data/mix/watermark/00203.jpg 0.17794841783023937 0.8824688418234639 0.37628175116357276 0.9218438418234639
data/training_data/mix/watermark/00204.jpg 0.09204387818851979 0.5817014831499384 0.2381376281885198 0.6341309612881612
data/training_data/mix/watermark/00205.jpg 0.014474922460075021 0.6742109268320788 0.2053732676137393 0.711899523323307
data/training_data/mix/watermark/00206.jpg 0.2624958428313979 0.685279059403716 0.46211705495261 0.724382198417169
data/training_data/mix/watermark/00207.jpg 0.08271888823590372 0.911823721575861 0.22093027034972487 0.96698264578124
data/training_data/mix/watermark/00208.jpg 0.3480115031152165 0.9103209580119812 0.5435115031152166 0.9498438587753402
data/training_data/mix/watermark/00209.jpg 0.0687473420865851 0.9055612327680611 0.25783632513743254 0.9450278994347279
data/training_data/mix/watermark/00210.jpg 0.1397757388089029 0.9293269128571225 0.38844595157486034 0.962660246190456
data/training_data/mix/watermark/00211.jpg 0.06301127769375232 0.9489053056828998 0.24638691221151882 0.9870898294924236
data/training_data/mix/watermark/00212.jpg 0.028325006225512966 0.6779578331169972 0.19434063122551296 0.7239752155300851
data/training_data/mix/watermark/00213.jpg 0.11930248098763437 0.755896293198279 0.3073555783327671 0.7936129598649455
data/training_data/mix/watermark/00214.jpg 0.093537222672436 0.9431476631471154 0.28053722267243597 0.9828476631471154
data/training_data/mix/watermark/00215.jpg 0.07814906321395346 0.8651153487400051 0.24860360866849893 0.9098832532492889
data/training_data/mix/watermark/00216.jpg 0.10920713459274088 0.8568893004885544 0.2732422223120391 0.9004138188773461
data/training_data/mix/watermark/00217.jpg 0.13771349030685234 0.8296877253792772 0.32592777602113804 0.8696162968078486
data/training_data/mix/watermark/00218.jpg 0.5164660265119233 0.7327075321005786 0.7289660265119233 0.7702075321005785
data/training_data/mix/watermark/00219.jpg 0.19367881761548403 0.6830615432916252 0.39680381761548406 0.7197188466624115
data/training_data/mix/watermark/00220.jpg 0.008220123939555582 0.9432407939394983 0.19435151080086943 0.9809769050506094
data/training_data/mix/watermark/00221.jpg 0.22466302339416447 0.6781718343153065 0.42740153929522456 0.7161905843153065
data/training_data/mix/watermark/00222.jpg 0.016467318457041535 0.8185962299344524 0.21196731845704153 0.8577830680585067
data/training_data/mix/watermark/00223.jpg 0.10605771742942458 0.9483882561698295 0.3003434317151389 0.9880578596940586
data/training_data/mix/watermark/00224.jpg 0.3587972161620043 0.8776442225946629 0.5503465119366522 0.9153265142613295
data/training_data/mix/watermark/00225.jpg 0.06777793862827869 0.9515095777946211 0.2838796335435329 0.9845678302218056
data/training_data/mix/watermark/00226.jpg 0.1269089720096296 0.939538078329193 0.3394089720096296 0.9759901741375763
data/training_data/mix/watermark/00227.jpg 0.23719178402348315 0.801559331353649 0.4213584506901498 0.8408732537097401
data/training_data/mix/watermark/00228.jpg 0.1188589749613404 0.8110546109409893 0.2724734327926657 0.8609560887735016
data/training_data/mix/watermark/00229.jpg 0.03338356361510214 0.8500900735917619 0.28838356361510215 0.883840073591762
data/training_data/mix/watermark/00230.jpg 0.11493977059542558 0.9184009458669652 0.320112184388529 0.9540653602813796
data/training_data/mix/watermark/00231.jpg 0.3771773027932677 0.6796349472635187 0.5631148027932678 0.7191719843005558
data/training_data/mix/watermark/00232.jpg 0.009351375856690498 0.8579594837738331 0.21723181063929917 0.8947659207638605
data/training_data/mix/watermark/00233.jpg 0.06930206425172127 0.9367902877585467 0.2802584807166123 0.9743880872695493
data/training_data/mix/watermark/00234.jpg 0.0072635378378470075 0.945529482650156 0.198513537837847 0.9853820383513356
data/training_data/mix/watermark/00235.jpg 0.22900463771709134 0.9497361952461407 0.4686662918524297 0.9823611952461407
data/training_data/mix/watermark/00236.jpg 0.15775938573577425 0.9199095079844586 0.3487706216908304 0.9580725147412152
data/training_data/mix/watermark/00237.jpg 0.08859968349379359 0.7928987047517496 0.2741155565096666 0.8317424547517496
data/training_data/mix/watermark/00238.jpg 0.24934448379644378 0.7531677630071709 0.41280602225798224 0.7966293014687094
data/training_data/mix/watermark/00239.jpg 0.04761146558327722 0.8454754481479911 0.2149689785366451 0.8901156984086794
data/training_data/mix/watermark/00240.jpg 0.05611404916644029 0.8693929451879236 0.3019818177614816 0.9029674132730301
data/training_data/mix/watermark/00241.jpg 0.06887048735267408 0.8359314794346877 0.24819538186744203 0.87737449414057
data/training_data/mix/watermark/00242.jpg 0.08768400506521999 0.9404535122054484 0.29549157604313797 0.9781045370166673
data/training_data/mix/watermark/00243.jpg 0.3365839004663722 0.7995652286762305 0.5519172337997056 0.8366639271577925
data/training_data/mix/watermark/00244.jpg 0.4237307005977319 0.940923260018637 0.6327470940403548 0.9777642186243014
data/training_data/mix/watermark/00245.jpg 0.4021501369629337 0.723404072984783 0.5903644226772194 0.7633326444133545
data/training_data/mix/watermark/00246.jpg 0.1853502333863895 0.94540640287695 0.39785023338638953 0.98290640287695
data/training_data/mix/watermark/00247.jpg 0.049652040364706704 0.6245974424294882 0.22640062259533053 0.6659682757628216
data/training_data/mix/watermark/00248.jpg 0.03718519213979018 0.8536782826645639 0.24968519213979018 0.8911782826645639
data/training_data/mix/watermark/00249.jpg 0.013711687309311132 0.7020260221953953 0.21558668730931113 0.740240307909681
data/training_data/mix/watermark/00250.jpg 0.2821559317919266 0.7986303305798534 0.4946559317919266 0.8361303305798534
data/training_data/mix/watermark/00251.jpg 0.08580025511784116 0.837012510087301 0.265885000880553 0.8754108151720468
data/training_data/mix/watermark/00252.jpg 0.1482033871523841 0.7097197430097325 0.35007838715238404 0.7485833793733689
data/training_data/mix/watermark/00253.jpg 0.12862256502000313 0.8824893781971958 0.33403923168666977 0.9192590411185441
data/training_data/mix/watermark/00254.jpg 0.008222073331789995 0.7328916444951503 0.21903908041807593 0.7701131722729282
data/training_data/mix/watermark/00255.jpg 0.10726250753973449 0.7526095039434397 0.30493692614438567 0.7913888466664445
data/training_data/mix/watermark/00256.jpg 0.19339474666931916 0.9208258987738094 0.4029017889228403 0.9578024612738093
data/training_data/mix/watermark/00257.jpg 0.11190849340273809 0.8677644658272965 0.3339987546853984 0.9035773270989728
data/training_data/mix/watermark/00258.jpg 0.017505076426777986 0.6901122165918816 0.15659598551768708 0.7451189916596321
data/training_data/mix/watermark/00259.jpg 0.3526056043110206 0.7572502978600366 0.5311056043110207 0.7983787700822589
data/training_data/mix/watermark/00260.jpg 0.0954251957932879 0.9058701956080784 0.2946439457932879 0.9429326956080784
data/training_data/mix/watermark/00261.jpg 0.07043511462163725 0.7575603716189799 0.23320107206844579 0.8036399170735253
data/training_data/mix/watermark/00262.jpg 0.09654724726366076 0.933053305637952 0.33265835837477187 0.9682095556379519
data/training_data/mix/watermark/00263.jpg 0.3125146954085229 0.4373512563052663 0.46205173244555986 0.4869577377867478
data/training_data/mix/watermark/00264.jpg 0.12923265203536122 0.7926721142251957 0.3417326520353612 0.8301721142251957
data/training_data/mix/watermark/00265.jpg 0.16989877488996927 0.6920847311061975 0.33197504607640993 0.7352203243265365
data/training_data/mix/watermark/00266.jpg 0.038290736181255905 0.9275002090160953 0.274401847292367 0.9626564590160953
data/training_data/mix/watermark/00267.jpg 0.010556763746214904 0.921465761028586 0.21139517838036123 0.9595213165841416
data/training_data/mix/watermark/00268.jpg 0.18592714809408775 0.8350141137843494 0.3519427730940877 0.8790766137843494
data/training_data/mix/watermark/00269.jpg 0.1495878551511223 0.7502068695865911 0.34768107549010535 0.7854469825809415
data/training_data/mix/watermark/00270.jpg 0.11390622156161082 0.7595466961676693 0.33112844378383305 0.7945164135297151
data/training_data/mix/watermark/00271.jpg 0.0987623465331447 0.7979967719955454 0.3041790131998114 0.8354337708500701
data/training_data/mix/watermark/00272.jpg 0.036291660221829114 0.8024515796729793 0.23438488056081216 0.8376916926673296
data/training_data/mix/watermark/00273.jpg 0.22053187863955212 0.8044371388003577 0.4270739347143185 0.8411090138003576
data/training_data/mix/watermark/00274.jpg 0.29158486430099256 0.8916961306130501 0.4867700494861777 0.9305155750574945
data/training_data/mix/watermark/00275.jpg 0.020320036315675805 0.859119095336166 0.1903200363156758 0.9041190953361661
data/training_data/mix/watermark/00276.jpg 0.34337456125847915 0.8694688631188361 0.5774847307500045 0.9036471847971579
data/training_data/mix/watermark/00277.jpg 0.29041816745867904 0.9495222185259287 0.494418167458679 0.9854216894253995
data/training_data/mix/watermark/00278.jpg 0.5507396464350666 0.9313569470113768 0.7802396464350666 0.9666295688211216
data/training_data/mix/watermark/00279.jpg 0.10715363784279544 0.9322094647078926 0.31965363784279544 0.9697094647078925
data/training_data/mix/watermark/00280.jpg 0.134772577715092 0.9363669321551719 0.3456985036410179 0.9740544321551718
data/training_data/mix/watermark/00281.jpg 0.1022955112967244 0.5926611129417072 0.27031876711067787 0.6371959966626374
data/training_data/mix/watermark/00282.jpg 0.22025927967091627 0.8319487990447848 0.3902592796709163 0.8769487990447848
data/training_data/mix/watermark/00283.jpg 0.10370685388161015 0.8851681636701121 0.304063996738753 0.9231273473435815
data/training_data/mix/watermark/00284.jpg 0.023376783086521895 0.8044423975655391 0.2358767830865219 0.8419423975655392
data/training_data/mix/watermark/00285.jpg 0.08845051916144522 0.9470032078043296 0.3208723941614452 0.9817215176634843
data/training_data/mix/watermark/00286.jpg 0.12803684756179395 0.9444495003371328 0.35901510843135914 0.9789372679212307
data/training_data/mix/watermark/00287.jpg 0.10700506476730105 0.7168621323946504 0.31950506476730106 0.7543621323946503
data/training_data/mix/watermark/00288.jpg 0.02408579600768679 0.8991246149252081 0.17641554511162943 0.9485434745743309
data/training_data/mix/watermark/00289.jpg 0.3362374389220004 0.9421640011931179 0.5343306592609834 0.9774041141874683
data/training_data/mix/watermark/00290.jpg 0.045264582763105944 0.830042294139581 0.2510540564473165 0.8664658565519233
data/training_data/mix/watermark/00291.jpg 0.47216781125667234 0.923934633013392 0.6860627784339152 0.9611221330133919
data/training_data/mix/watermark/00292.jpg 0.01444493256196588 0.6001529411795423 0.15353584165287495 0.6555900996494878
data/training_data/mix/watermark/00293.jpg 0.004912497205119004 0.6727934712541875 0.1440034062960281 0.728230629724133
data/training_data/mix/watermark/00294.jpg 0.026098703692703496 0.8480382254774957 0.2244320370260368 0.8874132254774958
data/training_data/mix/watermark/00295.jpg 0.011831215729920888 0.9050809564320216 0.15092212482082998 0.960518114901967
data/training_data/mix/watermark/00296.jpg 0.25103490920939364 0.7946662426099231 0.37853490920939364 0.8552019568956375
data/training_data/mix/watermark/00297.jpg 0.03227495157376315 0.8632015516803919 0.15526530527151236 0.926056489951997
data/training_data/mix/watermark/00298.jpg 0.1020449223143013 0.7864691723942938 0.24972831999769898 0.8386985538375927
data/training_data/mix/watermark/00299.jpg 0.1388069457440968 0.6939563700030742 0.2778978548350059 0.7493935284730195
data/training_data/mix/watermark/00300.jpg 0.04368357029203206 0.39117861649678776 0.17789409660782154 0.44855149785271997
data/training_data/mix/watermark/00301.jpg 0.06790076748227815 0.866981711885648 0.19540076748227814 0.9275174261713623
data/training_data/mix/watermark/00302.jpg 0.04432820233146471 0.8688054312778781 0.2143282023314647 0.913805431277878
data/training_data/mix/watermark/00303.jpg 0.07158158683985698 0.6631882135000278 0.21067249593076606 0.7186253719699731
data/training_data/mix/watermark/00304.jpg 0.1599647458220873 0.9392640373017055 0.33846474582208735 0.9813313164955406
data/training_data/mix/watermark/00305.jpg 0.10383375780522304 0.8231894180581909 0.2839185035679349 0.8615877231429366
data/training_data/mix/watermark/00306.jpg 0.12607826058205474 0.8008627149404548 0.254004681986737 0.861383548273788
data/training_data/mix/watermark/00307.jpg 0.2624589300544718 0.9302939305708704 0.40154983914538095 0.9857310890408157
data/training_data/mix/watermark/00308.jpg 0.575821606666261 0.9125437562384914 0.7741549399995944 0.9511073259206428
data/training_data/mix/watermark/00309.jpg 0.29104345550259814 0.910529545649792 0.43511125211276763 0.9533581841474447
data/training_data/mix/watermark/00310.jpg 0.012325266561552771 0.9138504400291104 0.15612225904275578 0.967218861081742
data/training_data/mix/watermark/00311.jpg 0.1516391344567888 0.6774422390884511 0.3216391344567889 0.7224422390884512
data/training_data/mix/watermark/00312.jpg 0.10560529355868274 0.5323516951257983 0.2532886912420804 0.5845810765690973
data/training_data/mix/watermark/00313.jpg 0.22554535613508986 0.7046781413535432 0.3726607407504745 0.7569204093947804
data/training_data/mix/watermark/00314.jpg 0.14922838226976243 0.7907420185722032 0.31922838226976247 0.8357420185722031
data/training_data/mix/watermark/00315.jpg 0.31303489787530825 0.946759165295426 0.5255348978753083 0.9842591652954261
data/training_data/mix/watermark/00316.jpg 0.12891658614954263 0.8314803080722963 0.34363784050494334 0.8685655353450237
data/training_data/mix/watermark/00317.jpg 0.0591347858860508 0.9179329761270538 0.26259223269456144 0.9564405806897914
data/training_data/mix/watermark/00318.jpg 0.334255906988704 0.8941806420571308 0.546755906988704 0.9316806420571307
data/training_data/mix/watermark/00319.jpg 0.12207925083814951 0.8984902856893556 0.3345792508381495 0.9359902856893556
data/training_data/mix/watermark/00320.jpg 0.052365771591328915 0.7653653108757288 0.2544717498521985 0.8036323011669909
data/training_data/mix/watermark/00321.jpg 0.031065770611361586 0.7107197230303048 0.2518449913905824 0.7463059688025708
data/training_data/mix/watermark/00322.jpg 0.5135300861750899 0.8821152204082796 0.7685300861750899 0.9153277511208104
data/training_data/mix/watermark/00323.jpg 0.3428419501589016 0.8880483488098775 0.5081197279366794 0.932168460541721
data/training_data/mix/watermark/00324.jpg 0.15247750726525175 0.8129738617948187 0.35057072760423486 0.848213974789169
data/training_data/mix/watermark/00325.jpg 0.2546282376726187 0.7606755717582285 0.46027339896294134 0.7971524948351516
data/training_data/mix/watermark/00326.jpg 0.4924472001943677 0.9376443892927829 0.6868478311091942 0.9756258278078642
data/training_data/mix/watermark/00327.jpg 0.02086840996233257 0.9267607715533953 0.2245142432956659 0.9630596542349594
data/training_data/mix/watermark/00328.jpg 0.17474023669345976 0.7839361936784603 0.3739589866934598 0.8226193997853306
data/training_data/mix/watermark/00329.jpg 0.07780260532557262 0.9047294348582137 0.27589582566455567 0.9399695478525641
data/training_data/mix/watermark/00330.jpg 0.3272659095127183 0.950415328097487 0.5437010946979035 0.9865204533158911
data/training_data/mix/watermark/00331.jpg 0.060816845440316805 0.9161294824091613 0.24559945413596898 0.9554505130498298
data/training_data/mix/watermark/00332.jpg 0.11124712056685922 0.9378513880489342 0.3473582316779703 0.9730076380489342
data/training_data/mix/watermark/00333.jpg 0.05981427934206719 0.9344837270335277 0.2662428507706386 0.9710638032966354
data/training_data/mix/watermark/00334.jpg 0.04064327091727241 0.9452294887542211 0.2810629789464695 0.9793408168792211
data/training_data/mix/watermark/00335.jpg 0.01788992544470949 0.8843462312360026 0.2133899254447095 0.9227190123010913
data/training_data/mix/watermark/00336.jpg 0.022493762417037655 0.7149436351060114 0.2414331563564316 0.7505448421626504
data/training_data/mix/watermark/00337.jpg 0.014668342578412309 0.9386274920328078 0.21654334257841232 0.9768417777470936
data/training_data/mix/watermark/00338.jpg 0.4160486888120073 0.9163083666239714 0.6521597999231185 0.9514646166239714
data/training_data/mix/watermark/00339.jpg 0.1982805589095495 0.6856723533785842 0.3891985276595495 0.7261098533785842
data/training_data/mix/watermark/00340.jpg 0.17485151207746394 0.7281688465985638 0.3545263088254314 0.7706361905753416
data/training_data/mix/watermark/00341.jpg 0.133122875623417 0.8473406305108304 0.3400517145747279 0.8840093805108304
data/training_data/mix/watermark/00342.jpg 0.28257466471623105 0.7289214502358556 0.495074664716231 0.7664214502358557
data/training_data/mix/watermark/00343.jpg 0.3127346344216931 0.7827262263153723 0.5408419790544614 0.8168398988113976
data/training_data/mix/watermark/00344.jpg 0.03272820229426826 0.6884490598297512 0.2283348968549377 0.7261463284185222
data/training_data/mix/watermark/00345.jpg 0.018743302132367586 0.9447585738246936 0.21683652247135066 0.9823797859459058
data/training_data/mix/watermark/00346.jpg 0.014287240709360154 0.8390593330044935 0.214644383566503 0.8765542977577665
data/training_data/mix/watermark/00347.jpg 0.17816167125679203 0.9446841099388181 0.3762548915957751 0.9799242229331685
data/training_data/mix/watermark/00348.jpg 0.19590020855385007 0.9478423824553232 0.39223173029298053 0.986581007328933
data/training_data/mix/watermark/00349.jpg 0.15372609382387975 0.724950418031838 0.3662260938238797 0.762450418031838
data/training_data/mix/watermark/00350.jpg 0.19989906545782976 0.8601418978867934 0.36989906545782975 0.9051418978867934
data/training_data/mix/watermark/00351.jpg 0.05531789037976733 0.6741315888855051 0.217394161566208 0.7172671821058438
data/training_data/mix/watermark/00352.jpg 0.14636122273066288 0.9506783741169633 0.36246291764591715 0.9847322588287428
data/training_data/mix/watermark/00353.jpg 0.24499742104549427 0.946125166379165 0.4752057543788276 0.981213025804085
data/training_data/mix/watermark/00354.jpg 0.11705399200795955 0.6864798805990527 0.30526827772224524 0.7264084520276242
data/training_data/mix/watermark/00355.jpg 0.3530829461614937 0.8610131734696082 0.5400829461614938 0.9021344359280798
data/training_data/mix/watermark/00356.jpg 0.03718615922612405 0.900338003853795 0.2352793795651071 0.9392845447342981
data/training_data/mix/watermark/00357.jpg 0.07550331949624452 0.854915231399489 0.2375795906826852 0.898223742037787
data/training_data/mix/watermark/00358.jpg 0.12411727946484265 0.9543261164786088 0.3582274489563681 0.9875033173815433
data/training_data/mix/watermark/00359.jpg 0.1844608985451355 0.9176292715834086 0.39090980976791606 0.9540098271389642
data/training_data/mix/watermark/00360.jpg 0.15092573678020305 0.8912520850345333 0.3545185511514605 0.9274220850345333
data/training_data/mix/watermark/00361.jpg 0.3576977488484662 0.7623563944422214 0.5276977488484662 0.8073563944422213
data/training_data/mix/watermark/00362.jpg 0.2522582315920669 0.6752868322886905 0.4196973972931098 0.7199776140856565
data/training_data/mix/watermark/00363.jpg 0.1304552471882925 0.9339332341741501 0.34234108533858154 0.9712865290274451
data/training_data/mix/watermark/00364.jpg 0.20665903499586435 0.6733923284807645 0.3914416436915165 0.7126749371764166
data/training_data/mix/watermark/00365.jpg 0.02138249824631692 0.8380914016800515 0.23039889168893987 0.8745414016800515
data/training_data/mix/watermark/00366.jpg 0.19974883774360833 0.9028264553955943 0.4021297901245607 0.9400574453525528
data/training_data/mix/watermark/00367.jpg 0.27482232011031377 0.9304064228604395 0.45249008688699144 0.9731789228604396
data/training_data/mix/watermark/00368.jpg 0.41173389117168874 0.6810962755131191 0.5755359745050221 0.7257804296887079
data/training_data/mix/watermark/00369.jpg 0.16846382538848018 0.9056132173472844 0.3794567331898986 0.942876810727899
data/training_data/mix/watermark/00370.jpg 0.02692472703094274 0.8384602434770533 0.23942472703094272 0.8759602434770533
data/training_data/mix/watermark/00371.jpg 0.08754592016665863 0.9041552700081544 0.30364761508191285 0.9401393125613461
data/training_data/mix/watermark/00372.jpg 0.1573841513595707 0.7988629336546683 0.35643011840206856 0.8372509462729649
data/training_data/mix/watermark/00373.jpg 0.0063195495807054376 0.8729800544976531 0.21631954958070543 0.9099527107476533
data/training_data/mix/watermark/00374.jpg 0.2345394241631268 0.9051076120498865 0.40324171423946265 0.9498022685384362
data/training_data/mix/watermark/00375.jpg 0.09362647573175245 0.8688427331100322 0.3052963976067524 0.906212524776699
data/training_data/mix/watermark/00376.jpg 0.07465389477368782 0.878731800276229 0.2809645743853383 0.9165763380913551
data/training_data/mix/watermark/00377.jpg 0.040367096007309665 0.8962987270198535 0.25198535326872046 0.9329981842790123
data/training_data/mix/watermark/00378.jpg 0.1214636582775954 0.8646718766144512 0.3331647860971442 0.9019593766144514
data/training_data/mix/watermark/00379.jpg 0.021861199902118277 0.6862289052595791 0.19186119990211828 0.7312289052595791
data/training_data/mix/watermark/00380.jpg 0.35590449304390886 0.9314372633858564 0.572006187959163 0.9658915781066686
data/training_data/mix/watermark/00381.jpg 0.011097471368471758 0.7682926047078126 0.20201544011847175 0.808759766553004
data/training_data/mix/watermark/00382.jpg 0.031146082938650184 0.766850135545768 0.16488734167990896 0.8245489991821316
data/training_data/mix/watermark/00383.jpg 0.13179483645824594 0.9402960056597541 0.33525228326675655 0.9788036102224917
data/training_data/mix/watermark/00384.jpg 0.14336984987316323 0.9369665648038272 0.31336984987316324 0.9819665648038272
data/training_data/mix/watermark/00385.jpg 0.21635287093832664 0.7730423328623063 0.41822787093832664 0.8112566185765919
data/training_data/mix/watermark/00386.jpg 0.11507920077128703 0.8834562699014791 0.327579200771287 0.9209562699014792
data/training_data/mix/watermark/00387.jpg 0.07097603903495162 0.8103640012323706 0.2409760390349516 0.8553640012323706
data/training_data/mix/watermark/00388.jpg 0.04482047711295573 0.843154978140406 0.2541352522735553 0.880179978140406
data/training_data/mix/watermark/00389.jpg 0.0694572589113723 0.6132801274933055 0.21225725891137232 0.6638878033994888
data/training_data/mix/watermark/00390.jpg 0.32287347383375187 0.8256113756798272 0.5183734738337519 0.864413770889408
data/training_data/mix/watermark/00391.jpg 0.39403320538794134 0.944206183992645 0.5899551912035441 0.9831556520777512
data/training_data/mix/watermark/00392.jpg 0.06889230024952113 0.8513643897237584 0.2707673002495211 0.8897066836305684
data/training_data/mix/watermark/00393.jpg 0.1259195549657484 0.8915439171700767 0.3349359484083713 0.9284348262609858
data/training_data/mix/watermark/00394.jpg 0.5483507932753034 0.6230585042595556 0.7464440136142866 0.6582986172539058
data/training_data/mix/watermark/00395.jpg 0.15124969387424192 0.769930932388337 0.3172653188742419 0.813993432388337
data/training_data/mix/watermark/00396.jpg 0.14798352571597637 0.9052708134084323 0.3539978883730679 0.943040999743836
data/training_data/mix/watermark/00397.jpg 0.12484999628306163 0.934787425007137 0.26828749628306164 0.9857014483794242
data/training_data/mix/watermark/00398.jpg 0.03851004339822067 0.8737982456156945 0.25553131999396533 0.9095106466711035
data/training_data/mix/watermark/00399.jpg 0.3980052790716394 0.7802436110484865 0.6105052790716394 0.8155561110484866
data/training_data/mix/watermark/00400.jpg 0.07622338838617237 0.9029832980801139 0.2570744522159596 0.9442653493621652
data/training_data/mix/watermark/00401.jpg 0.48812954729106456 0.8715386057559026 0.7006295472910645 0.9090386057559026
data/training_data/mix/watermark/00402.jpg 0.25455511864989505 0.8097421878941718 0.4906662297610061 0.8448984378941718
data/training_data/mix/watermark/00403.jpg 0.4170100110082243 0.9308152531080235 0.6295100110082243 0.9683152531080235
