data/training_data/mix/cropped/00001.jpg 0.2574005476885474 0.8366917140363558 0.4306342433407213 0.882608833601573
data/training_data/mix/cropped/00002.jpg 0.06476317737673865 0.9070889219618875 0.2726436121593473 0.9622519654401482
data/training_data/mix/cropped/00003.jpg 0.030452861970298655 0.9146424683797122 0.24295286197029867 0.9708924683797122
data/training_data/mix/cropped/00004.jpg 0.4724025599432576 0.5698010553278223 0.6629596251606489 0.6202630118495615
data/training_data/mix/cropped/00005.jpg 0.1555909961687533 0.7996540195927855 0.36057491899833527 0.8542440517471264
data/training_data/mix/cropped/00006.jpg 0.026178505547025423 0.8733713469050555 0.23553811145835546 0.9288885882843657
data/training_data/mix/cropped/00007.jpg 0.08970491297894836 0.8658908072805656 0.27448752167460055 0.9148853724979569
data/training_data/mix/cropped/00008.jpg 0.13271013425162786 0.8114742945949482 0.32159902314051675 0.8615437390393927
data/training_data/mix/cropped/00009.jpg 0.1832737710913312 0.9302227226678395 0.3911542058739399 0.9853857661461002
data/training_data/mix/cropped/00010.jpg 0.09040237925744686 0.8396355975305038 0.2704871250201587 0.8876334788864358
data/training_data/mix/cropped/00011.jpg 0.10231656746786852 0.9108019878968681 0.30064990080120185 0.963301987896868
data/training_data/mix/cropped/00012.jpg 0.0418159140693136 0.8029522708710836 0.2543159140693136 0.8592022708710836
data/training_data/mix/cropped/00013.jpg 0.48849752885929576 0.7078470488999815 0.6848290505984262 0.7598749021608511
data/training_data/mix/cropped/00014.jpg 0.03639010216895658 0.8602026919561196 0.21539825434286963 0.9076789147822066
data/training_data/mix/cropped/00015.jpg 0.16075381851742054 0.8756412177947319 0.3496427074063094 0.9257106622391764
data/training_data/mix/cropped/00016.jpg 0.012428144135458348 0.8834920053919775 0.2248688031692478 0.9397283918761997
data/training_data/mix/cropped/00017.jpg 0.013461410897044123 0.8998302636632275 0.2033768698342422 0.9501472926487348
data/training_data/mix/cropped/00018.jpg 0.08062712574983269 0.8197121187518605 0.28523510374157957 0.8739968505262757
data/training_data/mix/cropped/00019.jpg 0.0889461547163362 0.6982513776896069 0.2695711547163362 0.746185752689607
data/training_data/mix/cropped/00020.jpg 0.11527955876475093 0.43834187361664123 0.31624278118156357 0.49162996468494247
data/training_data/mix/cropped/00021.jpg 0.35041259996965995 0.5023549441785964 0.5585758652757824 0.5575828353350589
data/training_data/mix/cropped/00022.jpg 0.30731472706098967 0.6968554857278288 0.5129598883513122 0.751456292179442
data/training_data/mix/cropped/00023.jpg 0.08106530310411056 0.7045671953330419 0.29205821090552897 0.7604625854039639
data/training_data/mix/cropped/00024.jpg 0.29614903012981175 0.7002952103569824 0.4651831210389027 0.7450679376297096
data/training_data/mix/cropped/00025.jpg 0.01943089599536912 0.5788999262059796 0.21776422932870243 0.6313999262059796
data/training_data/mix/cropped/00026.jpg 0.028330653969076247 0.8278365192041234 0.19434627896907625 0.8718990192041234
data/training_data/mix/cropped/00027.jpg 0.5614252909044559 0.4660825341781072 0.7695885562105783 0.521313826695114
data/training_data/mix/cropped/00028.jpg 0.10575120454468159 0.8815219158447903 0.29275120454468156 0.9311485825114569
data/training_data/mix/cropped/00029.jpg 0.02812560645896036 0.9364662487814385 0.21868267167635166 0.9869282053031777
data/training_data/mix/cropped/00030.jpg 0.06843794644265633 0.7321913620044384 0.2589950116600476 0.7826533185261776
data/training_data/mix/cropped/00031.jpg 0.11754513773476748 0.5204687559763579 0.3265615311773904 0.575896156444742
data/training_data/mix/cropped/00032.jpg 0.2174330284959345 0.9250710995270347 0.4057853012232072 0.9750142813452165
data/training_data/mix/cropped/00033.jpg 0.28446782996463243 0.8870494183458848 0.4923482647472412 0.9422124618241455
data/training_data/mix/cropped/00034.jpg 0.011274751334645963 0.5042511996161898 0.22377475133464594 0.5605011996161897
data/training_data/mix/cropped/00035.jpg 0.20542058171723995 0.8805227641519159 0.41508724838390665 0.9361027641519158
data/training_data/mix/cropped/00036.jpg 0.040817122436020835 0.7549331448490495 0.23960744501666598 0.8077436287200174
data/training_data/mix/cropped/00037.jpg 0.113919392064037 0.9323180044859831 0.27969953390800867 0.9763250966845645
data/training_data/mix/cropped/00038.jpg 0.5298256680822758 0.8230381914497077 0.7423256680822758 0.8792981914497077
data/training_data/mix/cropped/00039.jpg 0.188307569862025 0.8853089098407899 0.3771964587509139 0.9354856775175575
data/training_data/mix/cropped/00040.jpg 0.02293758073016824 0.838040940889002 0.21662247656350156 0.889447190889002
data/training_data/mix/cropped/00041.jpg 0.013502448810788444 0.7576374176620226 0.24961355992189954 0.8201374176620226
data/training_data/mix/cropped/00042.jpg 0.006313557946773308 0.7762683589064201 0.1763135579467733 0.82126835890642
data/training_data/mix/cropped/00043.jpg 0.2593081129993385 0.8873255929866058 0.45370874391416505 0.9387845835228835
data/training_data/mix/cropped/00044.jpg 0.006926964539368668 0.5891715009333233 0.21844316824307236 0.6451900194518418
data/training_data/mix/cropped/00045.jpg 0.020732748437525556 0.8918657087369984 0.231725656238944 0.9478985101554381
data/training_data/mix/cropped/00046.jpg 0.12709065844120646 0.7455697361987066 0.34616282338966003 0.8035594269203561
data/training_data/mix/cropped/00047.jpg 0.022064016201719577 0.7298749257266859 0.23456401620171957 0.786124925726686
data/training_data/mix/cropped/00048.jpg 0.24755090453278758 0.8832051859960401 0.4509514083111251 0.9373361683637984
data/training_data/mix/cropped/00049.jpg 0.09434889825328942 0.619405498688036 0.3022293330358981 0.6745617486880358
data/training_data/mix/cropped/00050.jpg 0.031458195519301284 0.8111970920004425 0.24077297067990083 0.8666949506728194
data/training_data/mix/cropped/00051.jpg 0.20087994924238353 0.9259316448227188 0.40414081880760094 0.9798990361270667
data/training_data/mix/cropped/00052.jpg 0.02415144688888201 0.8668739803600647 0.24358079471496896 0.9250193607948474
data/training_data/mix/cropped/00053.jpg 0.2242983809905557 0.8785241778705859 0.4240847057768805 0.9316652035116115
data/training_data/mix/cropped/00054.jpg 0.05116801744540498 0.8441480927919158 0.24933621061776134 0.8966064608185603
data/training_data/mix/cropped/00055.jpg 0.2604813758574852 0.6202054904217791 0.47083491121102056 0.6759529651692537
data/training_data/mix/cropped/00056.jpg 0.1658818443697193 0.8569658971325512 0.3749839353906295 0.9124179266528467
data/training_data/mix/cropped/00057.jpg 0.025591540710349976 0.7805630826433753 0.21152904071034997 0.8299341763933754
data/training_data/mix/cropped/00058.jpg 0.15171139767487804 0.7755853344131317 0.31772702267487807 0.8196478344131318
data/training_data/mix/cropped/00059.jpg 0.009967488923743188 0.9380124940591273 0.1849674889237432 0.9844536705297156
data/training_data/mix/cropped/00060.jpg 0.2799874494180851 0.5196088078042644 0.4747791160847517 0.5712754744709312
data/training_data/mix/cropped/00061.jpg 0.23399719086512277 0.7199858738094476 0.42828290515083706 0.7715287309523048
data/training_data/mix/cropped/00062.jpg 0.22749140021819753 0.3555950306797444 0.4599132752181975 0.41722784317974426
data/training_data/mix/cropped/00063.jpg 0.52168485398996 0.8382270238526668 0.712569926645178 0.8887752404973167
data/training_data/mix/cropped/00064.jpg 0.36172396630280346 0.9140824924340218 0.5598658581946954 0.9665824924340218
data/training_data/mix/cropped/00065.jpg 0.16758987269598127 0.8000326712976221 0.3800898726959813 0.8562826712976221
data/training_data/mix/cropped/00066.jpg 0.18967399708231109 0.520359294369029 0.38285581526412926 0.5715467943690289
data/training_data/mix/cropped/00067.jpg 0.011875075016840677 0.63715855079376 0.18108803797980363 0.6819733656085748
data/training_data/mix/cropped/00068.jpg 0.15930807663732613 0.7795220283844958 0.3437698821928817 0.8285498061622736
data/training_data/mix/cropped/00069.jpg 0.014353671549025296 0.9194766535389963 0.22045735047879117 0.9742341786226084
data/training_data/mix/cropped/00070.jpg 0.5923187020323458 0.6452790249980653 0.8029042876179314 0.7010823283013685
data/training_data/mix/cropped/00071.jpg 0.011762610406770268 0.6545036209070887 0.23090323540677024 0.7126754959070887
data/training_data/mix/cropped/00072.jpg 0.07968381375218436 0.6437634681931091 0.26857270264107325 0.6938329126375535
data/training_data/mix/cropped/00073.jpg 0.5399379489109182 0.8590951682269311 0.7524379489109182 0.9153451682269311
data/training_data/mix/cropped/00074.jpg 0.12173202606609795 0.9371949722324271 0.2888668575267721 0.9815208149290563
data/training_data/mix/cropped/00075.jpg 0.33062092341125887 0.9000784237560027 0.5632392666065251 0.9617500213891386
data/training_data/mix/cropped/00076.jpg 0.09384096921509663 0.932162663050012 0.2739257149778085 0.9801605444059442
data/training_data/mix/cropped/00077.jpg 0.10262800843780036 0.7265715032175905 0.27506237597956645 0.7722695939097145
data/training_data/mix/cropped/00078.jpg 0.1490076290711926 0.9176550628040022 0.35226849863640997 0.9715518019344371
data/training_data/mix/cropped/00079.jpg 0.014121410258454302 0.5458775176126001 0.21045293199758475 0.5979053708734696
data/training_data/mix/cropped/00080.jpg 0.029750742800271734 0.9145720078736088 0.24714204714809782 0.972314974625527
data/training_data/mix/cropped/00081.jpg 0.1349308535715071 0.905448147618899 0.30159752023817377 0.9496767337902096
data/training_data/mix/cropped/00082.jpg 0.2425790547883291 0.9139803955258818 0.4423653795746539 0.9670786861241725
data/training_data/mix/cropped/00083.jpg 0.08307732433249791 0.9020121711661878 0.27967596378828025 0.9541040079008818
data/training_data/mix/cropped/00084.jpg 0.023275951072149685 0.9192197682925625 0.23354581613961595 0.9749431565984096
data/training_data/mix/cropped/00085.jpg 0.47185314663976896 0.8459028465107424 0.6701864799731023 0.8984028465107424
data/training_data/mix/cropped/00086.jpg 0.0854855537753714 0.9037631165268009 0.2844217239881373 0.95648652078212
data/training_data/mix/cropped/00087.jpg 0.36569153198180177 0.9156813079256003 0.5781915319818017 0.9719313079256003
data/training_data/mix/cropped/00088.jpg 0.13479164391596196 0.45569830671760614 0.34541111294251065 0.5116496341512344
data/training_data/mix/cropped/00089.jpg 0.08296803916469501 0.656630775009285 0.29084847394730373 0.7117802315310241
data/training_data/mix/cropped/00090.jpg 0.014102811933629196 0.9023285696806962 0.2193800927923054 0.9568768702173688
data/training_data/mix/cropped/00091.jpg 0.36470076542172336 0.5542812727492634 0.5772007654217234 0.6105312727492633
data/training_data/mix/cropped/00092.jpg 0.134142838903708 0.8542500320492876 0.3094005708624709 0.9007706506059887
data/training_data/mix/cropped/00093.jpg 0.2367616367723339 0.8059157871809469 0.472872747883445 0.8684157871809469
data/training_data/mix/cropped/00094.jpg 0.018377930049743897 0.9081564675962139 0.254489041160855 0.970890385724869
data/training_data/mix/cropped/00095.jpg 0.08412597201280303 0.8511439106862949 0.2898987839308663 0.9058133706490509
data/training_data/mix/cropped/00096.jpg 0.2871442427726562 0.4560562135403129 0.4968109094393229 0.5116695468736463
data/training_data/mix/cropped/00097.jpg 0.031771315559661055 0.5859038724459014 0.2653706063398029 0.6477434114529934
data/training_data/mix/cropped/00098.jpg 0.15229351184149748 0.856255284512366 0.3601739466241062 0.911418327990627
data/training_data/mix/cropped/00099.jpg 0.2790510525853161 0.8467596632481149 0.5930352214507514 0.9298929086307005
data/training_data/mix/cropped/00100.jpg 0.21643738896696849 0.9305036326589128 0.4125912351208147 0.9824459403512205
data/training_data/mix/cropped/00101.jpg 0.2451857463645401 0.9274926683763876 0.4348551678521434 0.9778976270540736
data/training_data/mix/cropped/00102.jpg 0.3198270658879249 0.9012882108782104 0.5076723697553283 0.9510257799389841
data/training_data/mix/cropped/00103.jpg 0.3659741444205122 0.8536192056147366 0.5556435659081155 0.9039497841271333
data/training_data/mix/cropped/00104.jpg 0.03140045817597657 0.775001979366289 0.2227374295265905 0.8257045714536013
data/training_data/mix/cropped/00105.jpg 0.22301188426354782 0.8621166731348184 0.42110510460253087 0.9149662494060048
data/training_data/mix/cropped/00106.jpg 0.0681018278661257 0.8755551055280093 0.2564541005933984 0.9254954464371001
data/training_data/mix/cropped/00107.jpg 0.10846803291059587 0.587096167608399 0.31843396136034036 0.6427477860070361
data/training_data/mix/cropped/00108.jpg 0.16573341221118898 0.87800149359869 0.3419529244063109 0.9248795423791779
data/training_data/mix/cropped/00109.jpg 0.1309163063138144 0.9001785494279183 0.3334553688138144 0.9538347994279184
data/training_data/mix/cropped/00110.jpg 0.4945933982054651 0.8373106716460686 0.6863227215137359 0.8882317242776475
data/training_data/mix/cropped/00111.jpg 0.1305928131396576 0.89289928278633 0.3282672317443087 0.9454627077334758
data/training_data/mix/cropped/00112.jpg 0.03990931857615572 0.7006508131324566 0.2514759364385276 0.7566793636449017
data/training_data/mix/cropped/00113.jpg 0.14966316461873239 0.8892497156498749 0.3412250094824641 0.9400280175366672
data/training_data/mix/cropped/00114.jpg 0.30177483876721567 0.5721799044191713 0.5142748387672157 0.6284299044191715
data/training_data/mix/cropped/00115.jpg 0.07941002723391723 0.9390687433368379 0.24862299019688017 0.9838835581516525
data/training_data/mix/cropped/00116.jpg 0.29320430011593607 0.44537552493231214 0.5010847348985448 0.500538568410573
data/training_data/mix/cropped/00117.jpg 0.1642946454851359 0.6251881478639703 0.3767946454851359 0.6814381478639702
data/training_data/mix/cropped/00118.jpg 0.01184618669510355 0.7761567672736656 0.21584618669510355 0.8304034339403323
data/training_data/mix/cropped/00119.jpg 0.02364882131359642 0.5700690006378242 0.21446514784420867 0.6205928101616337
data/training_data/mix/cropped/00120.jpg 0.007604488021330017 0.8531421890194708 0.19953997189229775 0.9041636943958149
data/training_data/mix/cropped/00121.jpg 0.05194806952329075 0.804487457091422 0.26444806952329075 0.860737457091422
data/training_data/mix/cropped/00122.jpg 0.457226443319848 0.7607078802962474 0.6697264433198481 0.8169728802962473
data/training_data/mix/cropped/00123.jpg 0.5086112685489093 0.9287598912452085 0.7193550702018018 0.9845450152121507
data/training_data/mix/cropped/00124.jpg 0.20661336421013873 0.8039767284006691 0.42811173554564363 0.8627633733518093
data/training_data/mix/cropped/00125.jpg 0.01990215217634663 0.677148163989822 0.20092067069486513 0.7251064973231552
data/training_data/mix/cropped/00126.jpg 0.2884063140820708 0.759352181248445 0.4788825045582613 0.8098213689235151
data/training_data/mix/cropped/00127.jpg 0.1587109358469494 0.6777932712067103 0.36772732928957236 0.7332206716750944
data/training_data/mix/cropped/00128.jpg 0.3382723421788054 0.45513267829195936 0.5298707028345432 0.5059933340296643
data/training_data/mix/cropped/00129.jpg 0.007040061221575803 0.9309110003647616 0.19120672788824247 0.9799776670314282
data/training_data/mix/cropped/00130.jpg 0.38646526836909767 0.8618206554986376 0.5945072264110557 0.9170013081792904
data/training_data/mix/cropped/00131.jpg 0.012064220195555642 0.7362472383490439 0.20608595932599044 0.7876793035664352
data/training_data/mix/cropped/00132.jpg 0.028022182566738253 0.6057707920809258 0.2641332936778494 0.6682707920809258
data/training_data/mix/cropped/00133.jpg 0.018617482495151376 0.8464429784474493 0.21318114486997256 0.898063150121269
data/training_data/mix/cropped/00134.jpg 0.38622871782490614 0.9262860681616438 0.575117606713795 0.9763537764949772
data/training_data/mix/cropped/00135.jpg 0.2150106593563838 0.8561400173893041 0.42657727721875577 0.9121685679017493
data/training_data/mix/cropped/00136.jpg 0.08096447006335122 0.70605959699103 0.29346447006335125 0.7623095969910301
data/training_data/mix/cropped/00137.jpg 0.22483538605176562 0.899764085422359 0.41714307835945796 0.9509066193590107
data/training_data/mix/cropped/00138.jpg 0.010882130623711963 0.566507982332511 0.2074680337074124 0.6185674536981498
data/training_data/mix/cropped/00139.jpg 0.11664768192202787 0.9110316206961594 0.3468217631599389 0.972134135202929
data/training_data/mix/cropped/00140.jpg 0.02736761660209983 0.9026435248595355 0.2327842832687665 0.9570268581928688
data/training_data/mix/cropped/00141.jpg 0.06609879763538713 0.8519168398109889 0.2684797500163395 0.9055188806273153
data/training_data/mix/cropped/00142.jpg 0.08981922228573974 0.911472663047197 0.3008121300871582 0.9673680531181189
data/training_data/mix/cropped/00143.jpg 0.2828240626436487 0.606493569446283 0.4907044974262574 0.6616566129245438
data/training_data/mix/cropped/00144.jpg 0.33802192673843684 0.8235590447322867 0.5436670880287594 0.8781327774511807
data/training_data/mix/cropped/00145.jpg 0.2618400256614226 0.9184292374140222 0.460173358994756 0.9709292374140222
data/training_data/mix/cropped/00146.jpg 0.18309227642618806 0.8189837187133167 0.3497589430928547 0.8631994049878264
data/training_data/mix/cropped/00147.jpg 0.08295890928488062 0.8763673458640981 0.2908393440674893 0.9315303893423592
data/training_data/mix/cropped/00148.jpg 0.05218734609483838 0.9065106417110558 0.2882984572059495 0.9690106417110558
data/training_data/mix/cropped/00149.jpg 0.026351875251180868 0.909609845993877 0.24578122307726782 0.9678095742547466
data/training_data/mix/cropped/00150.jpg 0.11603278132456668 0.8032043417615768 0.3277027031995667 0.8592590292615769
data/training_data/mix/cropped/00151.jpg 0.08840237341200971 0.9070917360817476 0.25770778709944586 0.9519308576343524
data/training_data/mix/cropped/00152.jpg 0.007301699852697631 0.6198630057717092 0.2170656483505517 0.6754745937545417
data/training_data/mix/cropped/00153.jpg 0.13616770576489948 0.6426129068665384 0.33292696502415875 0.6947425364961679
data/training_data/mix/cropped/00154.jpg 0.0845177021737516 0.6505320682916607 0.2970177021737516 0.7067820682916608
data/training_data/mix/cropped/00155.jpg 0.022811713252675874 0.9244480286628882 0.2345333249742876 0.9805157942306538
data/training_data/mix/cropped/00156.jpg 0.10662081036046608 0.7414047147176441 0.3143985881382439 0.7964519369398664
data/training_data/mix/cropped/00157.jpg 0.0876059468115992 0.8315208186526417 0.30075184346813416 0.8879721864337967
data/training_data/mix/cropped/00158.jpg 0.47945678105718115 0.8054620071330324 0.659541526819893 0.8535658206923545
data/training_data/mix/cropped/00159.jpg 0.4532645139668092 0.811714076046103 0.6622809074094321 0.8671414765144871
data/training_data/mix/cropped/00160.jpg 0.3004584023109088 0.7573978205799481 0.5089489683486447 0.8127044243535331
data/training_data/mix/cropped/00161.jpg 0.07661811703039727 0.8730262051191966 0.28911811703039725 0.9292762051191966
data/training_data/mix/cropped/00162.jpg 0.02985672638879557 0.9145319613971634 0.24065672638879554 0.9704079613971635
data/training_data/mix/cropped/00163.jpg 0.2841077778978473 0.9117896487795657 0.49198821268045595 0.9669526922578264
data/training_data/mix/cropped/00164.jpg 0.02913510069745103 0.6629067616356068 0.19913510069745105 0.7079067616356068
data/training_data/mix/cropped/00165.jpg 0.10070197539317761 0.8575570765107325 0.2971464198376221 0.9096126320662881
data/training_data/mix/cropped/00166.jpg 0.05151470065528809 0.7025018168485913 0.2826021711044607 0.7638079634206952
data/training_data/mix/cropped/00167.jpg 0.03618104733460001 0.7781056819571044 0.24434431264072246 0.833336974474111
data/training_data/mix/cropped/00168.jpg 0.014909991785175781 0.7332679806109115 0.1864158972969868 0.7787797916345335
data/training_data/mix/cropped/00169.jpg 0.15918757983669948 0.7059533351422762 0.3716875798366995 0.7622033351422762
data/training_data/mix/cropped/00170.jpg 0.2159258818085938 0.8063752126237327 0.4284258818085938 0.8626252126237327
data/training_data/mix/cropped/00171.jpg 0.02514750909155018 0.749718573451924 0.23363807512928603 0.8050487621311695
data/training_data/mix/cropped/00172.jpg 0.033483317047151524 0.8831515367334456 0.21433438087693873 0.9312100473717435
data/training_data/mix/cropped/00173.jpg 0.08995435656200343 0.9200475656263015 0.3225726997572697 0.9817191632594373
data/training_data/mix/cropped/00174.jpg 0.43946277676243023 0.9151534774273907 0.6376274593021127 0.9676137948877082
data/training_data/mix/cropped/00175.jpg 0.333127345042967 0.88563329132521 0.5645629886073235 0.9470318061766952
data/training_data/mix/cropped/00176.jpg 0.19062359653902802 0.8541329271033571 0.3985040313216367 0.9092857803642265
data/training_data/mix/cropped/00177.jpg 0.15699888893214298 0.8089542096193649 0.36601528237476594 0.864359947324283
data/training_data/mix/cropped/00178.jpg 0.032501592380250646 0.9321852281570248 0.22305865759764193 0.9826471846787639
data/training_data/mix/cropped/00179.jpg 0.26727698874955286 0.8392649926293352 0.4652883523859165 0.8917735153566081
data/training_data/mix/cropped/00180.jpg 0.09265325155218046 0.9245586046365726 0.3042609300164876 0.9805978967781442
data/training_data/mix/cropped/00181.jpg 0.5576627023706264 0.8842313044633967 0.7679325674380927 0.9399546927692438
data/training_data/mix/cropped/00182.jpg 0.2505269576050917 0.6642073773992391 0.4866380687162028 0.7267073773992391
data/training_data/mix/cropped/00183.jpg 0.05447260946620839 0.8483312552802758 0.28807190024635027 0.9102372836490702
data/training_data/mix/cropped/00184.jpg 0.15970522066301954 0.7618114303978082 0.37220522066301953 0.8180614303978082
data/training_data/mix/cropped/00185.jpg 0.1272589754750084 0.5995205602633986 0.31850897547500834 0.6501455602633986
data/training_data/mix/cropped/00186.jpg 0.1095280420049538 0.49585455966799263 0.3431273327850956 0.5577650206609005
data/training_data/mix/cropped/00187.jpg 0.42736525578587203 0.9060455707134613 0.6157517806085671 0.9559968118482131
data/training_data/mix/cropped/00188.jpg 0.07070564752331265 0.8577199299720003 0.2399186104862756 0.9025347447868151
data/training_data/mix/cropped/00189.jpg 0.1340118220090603 0.8253992097571279 0.3265899470090603 0.876403116007128
data/training_data/mix/cropped/00190.jpg 0.44841969249515296 0.9132380973428693 0.6800547635852005 0.9746835949732011
data/training_data/mix/cropped/00191.jpg 0.03762239836714656 0.7778244812647545 0.24635363984054354 0.8331894198732128
data/training_data/mix/cropped/00192.jpg 0.11686940971636801 0.545592496352311 0.3631546994637677 0.6107968054162038
data/training_data/mix/cropped/00193.jpg 0.27851923612043306 0.8175464591844344 0.5323386805648774 0.8847686814066568
data/training_data/mix/cropped/00194.jpg 0.13172521057226128 0.821320644094784 0.3389127105722613 0.876305019094784
data/training_data/mix/cropped/00195.jpg 0.21879031595563395 0.840889933007497 0.40741722302914296 0.8908968678202571
data/training_data/mix/cropped/00196.jpg 0.05960548132821745 0.8790640574604648 0.270191066913803 0.9348673607637682
data/training_data/mix/cropped/00197.jpg 0.16603534053536728 0.7216205516908258 0.40114172351409066 0.7838829630383435
data/training_data/mix/cropped/00198.jpg 0.2302078366514128 0.9232507137233753 0.41842212236569853 0.9731614280090896
data/training_data/mix/cropped/00199.jpg 0.1948137227223953 0.5980128945296483 0.4064578091376278 0.654061045390139
data/training_data/mix/cropped/00200.jpg 0.07938586409353249 0.8899558629943295 0.29188586409353245 0.9462058629943295
data/training_data/mix/cropped/00201.jpg 0.022376272748421484 0.8804751910236573 0.2093762727484215 0.9300985243569906
data/training_data/mix/cropped/00202.jpg 0.5259232382661511 0.6368013521360512 0.7620343493772623 0.6993013521360512
data/training_data/mix/cropped/00203.jpg 0.17794841783023937 0.8432917890979519 0.37628175116357276 0.8957917890979519
data/training_data/mix/cropped/00204.jpg 0.12462922857683921 0.5817014831499384 0.3224430508617475 0.6341309612881612
data/training_data/mix/cropped/00205.jpg 0.014474922460075021 0.5609934475042196 0.2053732676137393 0.611779499513676
data/training_data/mix/cropped/00206.jpg 0.2624958428313979 0.5746498802850223 0.46211705495261 0.6274983651335071
data/training_data/mix/cropped/00207.jpg 0.12438170235961071 0.911823721575861 0.3322056632398063 0.96698264578124
data/training_data/mix/cropped/00208.jpg 0.3480115031152165 0.8825204549956954 0.5435115031152166 0.9342954549956956
data/training_data/mix/cropped/00209.jpg 0.0687473420865851 0.8799507196204166 0.25783632513743254 0.9301202111458405
data/training_data/mix/cropped/00210.jpg 0.1397757388089029 0.8601575084194127 0.38844595157486034 0.9261149552279235
data/training_data/mix/cropped/00211.jpg 0.06301127769375232 0.9346402895029987 0.24638691221151882 0.9834854671679734
data/training_data/mix/cropped/00212.jpg 0.029657266232029935 0.6779578331169972 0.20348139711137553 0.7239752155300851
data/training_data/mix/cropped/00213.jpg 0.11930248098763437 0.6759685307941756 0.3073555783327671 0.7260349024755914
data/training_data/mix/cropped/00214.jpg 0.093537222672436 0.9289345789338943 0.28053722267243597 0.9785595789338942
data/training_data/mix/cropped/00215.jpg 0.07814906321395346 0.8640333862967431 0.24860360866849893 0.9091603916443366
data/training_data/mix/cropped/00216.jpg 0.10920713459274088 0.8566382290859027 0.2732422223120391 0.9002391062788853
data/training_data/mix/cropped/00217.jpg 0.13771349030685234 0.7871096567240964 0.32592777602113804 0.8370203710098107
data/training_data/mix/cropped/00218.jpg 0.5164660265119233 0.5990612981508678 0.7289660265119233 0.6553112981508677
data/training_data/mix/cropped/00219.jpg 0.19367881761548403 0.5333314267952054 0.39680381761548406 0.5873066106187346
data/training_data/mix/cropped/00220.jpg 0.008220123939555582 0.9254258606504357 0.19435151080086943 0.9750061526212387
data/training_data/mix/cropped/00221.jpg 0.22466302339416447 0.5451192004456629 0.42740153929522456 0.5988559495622706
data/training_data/mix/cropped/00222.jpg 0.016467318457041535 0.7601842159733461 0.21196731845704153 0.8119892159733458
data/training_data/mix/cropped/00223.jpg 0.10605771742942458 0.9330521951460073 0.3003434317151389 0.9845093380031502
data/training_data/mix/cropped/00224.jpg 0.3587972161620043 0.8345612023815161 0.5503465119366522 0.8855119066068681
data/training_data/mix/cropped/00225.jpg 0.06777793862827869 0.9153472290312877 0.2838796335435329 0.9730590934380674
data/training_data/mix/cropped/00226.jpg 0.1269089720096296 0.9065079544534744 0.3394089720096296 0.9628736951942152
data/training_data/mix/cropped/00227.jpg 0.23719178402348315 0.752941367535293 0.4213584506901498 0.8018872008686264
data/training_data/mix/cropped/00228.jpg 0.14579253579001852 0.8110546109409893 0.3342161811102156 0.8609560887735016
data/training_data/mix/cropped/00229.jpg 0.03338356361510214 0.7001801471835238 0.28838356361510215 0.767680147183524
data/training_data/mix/cropped/00230.jpg 0.11493977059542558 0.8750690343618364 0.320112184388529 0.9296724826376983
data/training_data/mix/cropped/00231.jpg 0.3771773027932677 0.599944140395319 0.5631148027932678 0.6493160153953191
data/training_data/mix/cropped/00232.jpg 0.009351375856690498 0.7871322154925788 0.21723181063929917 0.8422918622317094
data/training_data/mix/cropped/00233.jpg 0.06930206425172127 0.9061037325420542 0.2802584807166123 0.9619542168035556
data/training_data/mix/cropped/00234.jpg 0.0072635378378470075 0.9307316587701151 0.198513537837847 0.9814108254367818
data/training_data/mix/cropped/00235.jpg 0.22900463771709134 0.9017399305563653 0.4686662918524297 0.9655181260450872
data/training_data/mix/cropped/00236.jpg 0.15775938573577425 0.8934526488242684 0.3487706216908304 0.9442223117456167
data/training_data/mix/cropped/00237.jpg 0.08859968349379359 0.73701422825619 0.2741155565096666 0.7863396250815867
data/training_data/mix/cropped/00238.jpg 0.24934448379644378 0.7531677630071709 0.41280602225798224 0.7966293014687094
data/training_data/mix/cropped/00239.jpg 0.04790934753687436 0.8454754481479911 0.21631393564949167 0.8901156984086794
data/training_data/mix/cropped/00240.jpg 0.05611404916644029 0.746341670406298 0.3019818177614816 0.811548281976546
data/training_data/mix/cropped/00241.jpg 0.06887048735267408 0.8117019510811606 0.24819538186744203 0.859265242220401
data/training_data/mix/cropped/00242.jpg 0.08768400506521999 0.9129343940291019 0.29549157604313797 0.967985655858755
data/training_data/mix/cropped/00243.jpg 0.3365839004663722 0.6919985680658076 0.5519172337997056 0.7490069013991411
data/training_data/mix/cropped/00244.jpg 0.4237307005977319 0.9110943486837848 0.6327470940403548 0.9665369716346044
data/training_data/mix/cropped/00245.jpg 0.4021501369629337 0.6542550912309788 0.5903644226772194 0.704165805516693
data/training_data/mix/cropped/00246.jpg 0.1853502333863895 0.918109604315425 0.39785023338638953 0.974359604315425
data/training_data/mix/cropped/00247.jpg 0.049652040364706704 0.5742126001090604 0.22640062259533053 0.6211360405627466
data/training_data/mix/cropped/00248.jpg 0.03718519213979018 0.7805174239968459 0.24968519213979018 0.8367674239968459
data/training_data/mix/cropped/00249.jpg 0.013711687309311132 0.5828364310735534 0.21558668730931113 0.6363364310735534
data/training_data/mix/cropped/00250.jpg 0.2821559317919266 0.69794549586978 0.4946559317919266 0.7541954958697801
data/training_data/mix/cropped/00251.jpg 0.08580025511784116 0.7962656376091263 0.265885000880553 0.8442635189650585
data/training_data/mix/cropped/00252.jpg 0.1482033871523841 0.6008646466383822 0.35007838715238404 0.6543021466383823
data/training_data/mix/cropped/00253.jpg 0.12862256502000313 0.8256925776591737 0.33403923168666977 0.8802342443258404
data/training_data/mix/cropped/00254.jpg 0.008222073331789995 0.5991704544320722 0.21903908041807593 0.6550260192507467
data/training_data/mix/cropped/00255.jpg 0.10726250753973449 0.665787469386592 0.30493692614438567 0.7181764757290867
data/training_data/mix/cropped/00256.jpg 0.19339474666931916 0.8810529934629999 0.4029017889228403 0.9366046366554881
data/training_data/mix/cropped/00257.jpg 0.11190849340273809 0.7826437300534184 0.3339987546853984 0.841509525777884
data/training_data/mix/cropped/00258.jpg 0.026091577329885887 0.6901122165918816 0.2334086505006176 0.7451189916596321
data/training_data/mix/cropped/00259.jpg 0.3526056043110206 0.7203523431347623 0.5311056043110207 0.7677323431347622
data/training_data/mix/cropped/00260.jpg 0.0954251957932879 0.8655288508686834 0.2946439457932879 0.918475279440112
data/training_data/mix/cropped/00261.jpg 0.07523750880038525 0.7575603716189799 0.24910114516402163 0.8036399170735253
data/training_data/mix/cropped/00262.jpg 0.09654724726366076 0.8809836544674701 0.33265835837477187 0.94348365446747
data/training_data/mix/cropped/00263.jpg 0.39064336926065363 0.4373512563052663 0.5775646655569499 0.4869577377867478
data/training_data/mix/cropped/00264.jpg 0.12923265203536122 0.6890081713377936 0.3417326520353612 0.7452581713377935
data/training_data/mix/cropped/00265.jpg 0.16989877488996927 0.6920847311061975 0.33197504607640993 0.7352203243265365
data/training_data/mix/cropped/00266.jpg 0.038290736181255905 0.8711114826952806 0.274401847292367 0.9336114826952806
data/training_data/mix/cropped/00267.jpg 0.010556763746214904 0.8900999521711005 0.21139517838036123 0.9433545253418323
data/training_data/mix/cropped/00268.jpg 0.18592714809408775 0.8350141137843494 0.3519427730940877 0.8790766137843494
data/training_data/mix/cropped/00269.jpg 0.1495878551511223 0.6253103043798867 0.34768107549010535 0.6781704738714123
data/training_data/mix/cropped/00270.jpg 0.11390622156161082 0.6029848783390629 0.33112844378383305 0.6607237672279518
data/training_data/mix/cropped/00271.jpg 0.0987623465331447 0.7060853032535186 0.3041790131998114 0.760556136586852
data/training_data/mix/cropped/00272.jpg 0.036291660221829114 0.7036773695094689 0.23438488056081216 0.7565375390009944
data/training_data/mix/cropped/00273.jpg 0.22053187863955212 0.7075695533463293 0.4270739347143185 0.7624060019444601
data/training_data/mix/cropped/00274.jpg 0.29158486430099256 0.8555948408174001 0.4867700494861777 0.9073541000766594
data/training_data/mix/cropped/00275.jpg 0.020320036315675805 0.859119095336166 0.1903200363156758 0.9041190953361661
data/training_data/mix/cropped/00276.jpg 0.34337456125847915 0.7627209418558504 0.5774847307500045 0.8248501791439861
data/training_data/mix/cropped/00277.jpg 0.29041816745867904 0.9236775944112041 0.494418167458679 0.9779575944112041
data/training_data/mix/cropped/00278.jpg 0.5507396464350666 0.8816593766476137 0.7802396464350666 0.9424693766476137
data/training_data/mix/cropped/00279.jpg 0.10715363784279544 0.8983141970618389 0.31965363784279544 0.9545641970618388
data/training_data/mix/cropped/00280.jpg 0.134772577715092 0.9057287883780324 0.3456985036410179 0.9615621217113657
data/training_data/mix/cropped/00281.jpg 0.1022955112967244 0.5926611129417072 0.27031876711067787 0.6371959966626374
data/training_data/mix/cropped/00282.jpg 0.22025927967091627 0.8319487990447848 0.3902592796709163 0.8769487990447848
data/training_data/mix/cropped/00283.jpg 0.10370685388161015 0.839235429138157 0.304063996738753 0.8923782862810141
data/training_data/mix/cropped/00284.jpg 0.023376783086521895 0.7066635963483088 0.2358767830865219 0.7629135963483088
data/training_data/mix/cropped/00285.jpg 0.08845051916144522 0.9059306938526849 0.3208723941614452 0.9675556938526846
data/training_data/mix/cropped/00286.jpg 0.12803684756179395 0.9012771011426218 0.35901510843135914 0.9625678620121872
data/training_data/mix/cropped/00287.jpg 0.10700506476730105 0.5752931985919756 0.31950506476730106 0.6315431985919755
data/training_data/mix/cropped/00288.jpg 0.029473408272564096 0.8991246149252081 0.2158769170444939 0.9485434745743309
data/training_data/mix/cropped/00289.jpg 0.3362374389220004 0.9132460017896769 0.5343306592609834 0.9661061712812025
data/training_data/mix/cropped/00290.jpg 0.045264582763105944 0.7448845383610974 0.2510540564473165 0.7995582225716238
data/training_data/mix/cropped/00291.jpg 0.47216781125667234 0.8841542769744438 0.6860627784339152 0.940789944370505
data/training_data/mix/cropped/00292.jpg 0.02170686587180665 0.6001529411795423 0.2307232593144296 0.6555900996494878
data/training_data/mix/cropped/00293.jpg 0.007382167931189761 0.6727934712541875 0.21639856137381272 0.728230629724133
data/training_data/mix/cropped/00294.jpg 0.026098703692703496 0.797384300636661 0.2244320370260368 0.849884300636661
data/training_data/mix/cropped/00295.jpg 0.01777914932091937 0.9050809564320216 0.2267955427635423 0.960518114901967
data/training_data/mix/cropped/00296.jpg 0.4482766235882029 0.7946662426099231 0.6759551950167744 0.8552019568956375
data/training_data/mix/cropped/00297.jpg 0.06195993789777988 0.8632015516803919 0.298071049008891 0.926056489951997
data/training_data/mix/cropped/00298.jpg 0.13623523133713422 0.7864691723942938 0.33340017979074243 0.8386985538375927
data/training_data/mix/cropped/00299.jpg 0.20858967256626568 0.6939563700030742 0.41760606600888867 0.7493935284730195
data/training_data/mix/cropped/00300.jpg 0.07033795216513637 0.39117861649678776 0.2864396470803906 0.44855149785271997
data/training_data/mix/cropped/00301.jpg 0.12125137050406812 0.866981711885648 0.34892994193263954 0.9275174261713623
data/training_data/mix/cropped/00302.jpg 0.04432820233146471 0.8688054312778781 0.2143282023314647 0.913805431277878
data/training_data/mix/cropped/00303.jpg 0.10756795836590528 0.6631882135000278 0.31658435180852823 0.7186253719699731
data/training_data/mix/cropped/00304.jpg 0.1599647458220873 0.931692287285318 0.33846474582208735 0.9790039539519847
data/training_data/mix/cropped/00305.jpg 0.10383375780522304 0.7789867725727386 0.2839185035679349 0.8269846539286708
data/training_data/mix/cropped/00306.jpg 0.2243892852025855 0.8008627149404548 0.45206785663115695 0.861383548273788
data/training_data/mix/cropped/00307.jpg 0.39440549598349584 0.9302939305708704 0.6034218894261189 0.9857310890408157
data/training_data/mix/cropped/00308.jpg 0.575821606666261 0.8807679876718099 0.7741549399995944 0.9333429876718098
data/training_data/mix/cropped/00309.jpg 0.3224706830920806 0.910529545649792 0.4820950962376205 0.9533581841474447
data/training_data/mix/cropped/00310.jpg 0.01725537318617388 0.9138504400291104 0.21857116265985807 0.967218861081742
data/training_data/mix/cropped/00311.jpg 0.1516391344567888 0.6774422390884511 0.3216391344567889 0.7224422390884512
data/training_data/mix/cropped/00312.jpg 0.14098851047267438 0.5323516951257983 0.3381534589262826 0.5845810765690973
data/training_data/mix/cropped/00313.jpg 0.3022772814181617 0.7046781413535432 0.49944222987177 0.7569204093947804
data/training_data/mix/cropped/00314.jpg 0.14922838226976243 0.7907420185722032 0.31922838226976247 0.8357420185722031
data/training_data/mix/cropped/00315.jpg 0.31303489787530825 0.9201387479431391 0.5255348978753083 0.9763887479431391
data/training_data/mix/cropped/00316.jpg 0.12891658614954263 0.7416422841526494 0.34363784050494334 0.7984976848495136
data/training_data/mix/cropped/00317.jpg 0.0591347858860508 0.885193471922421 0.26259223269456144 0.9390631527734848
data/training_data/mix/cropped/00318.jpg 0.334255906988704 0.8412709630856962 0.546755906988704 0.8975209630856962
data/training_data/mix/cropped/00319.jpg 0.12207925083814951 0.8477354285340335 0.3345792508381495 0.9039854285340334
data/training_data/mix/cropped/00320.jpg 0.052365771591328915 0.6716389540788053 0.2544717498521985 0.72519194320924
data/training_data/mix/cropped/00321.jpg 0.031065770611361586 0.5239487835396668 0.2518449913905824 0.5825109356732474
data/training_data/mix/cropped/00322.jpg 0.5135300861750899 0.7601044735308491 0.7685300861750899 0.8276919735308493
data/training_data/mix/cropped/00323.jpg 0.34475726831621395 0.8880483488098775 0.5109583856346497 0.932168460541721
data/training_data/mix/cropped/00324.jpg 0.15247750726525175 0.7194607926922281 0.35057072760423486 0.7723209621837536
data/training_data/mix/cropped/00325.jpg 0.2546282376726187 0.6415647964120934 0.46027339896294134 0.6961961328176234
data/training_data/mix/cropped/00326.jpg 0.4924472001943677 0.9152199740857712 0.6868478311091942 0.9668603526346671
data/training_data/mix/cropped/00327.jpg 0.02086840996233257 0.8907514842338147 0.2245142432956659 0.9448973175671479
data/training_data/mix/cropped/00328.jpg 0.17474023669345976 0.7051629309570657 0.3739589866934598 0.757949389290399
data/training_data/mix/cropped/00329.jpg 0.07780260532557262 0.8570941522873206 0.27589582566455567 0.9099543217788462
data/training_data/mix/cropped/00330.jpg 0.3272659095127183 0.9211695540216529 0.5437010946979035 0.9785700169846158
data/training_data/mix/cropped/00331.jpg 0.060816845440316805 0.895271249338744 0.24559945413596898 0.944371249338744
data/training_data/mix/cropped/00332.jpg 0.11124712056685922 0.8895135787536609 0.3473582316779703 0.9520135787536609
data/training_data/mix/cropped/00333.jpg 0.05981427934206719 0.9018191852259578 0.2662428507706386 0.9566370423688151
data/training_data/mix/cropped/00334.jpg 0.04064327091727241 0.897655103073581 0.2810629789464695 0.9613959789859898
data/training_data/mix/cropped/00335.jpg 0.01788992544470949 0.8436361046310756 0.2133899254447095 0.8955161046310754
data/training_data/mix/cropped/00336.jpg 0.022493762417037655 0.5348398409229915 0.2414331563564316 0.5929345378926885
data/training_data/mix/cropped/00337.jpg 0.014668342578412309 0.914078488845931 0.21654334257841232 0.967578488845931
data/training_data/mix/cropped/00338.jpg 0.4160486888120073 0.8512148739981714 0.6521597999231185 0.9137148739981714
data/training_data/mix/cropped/00339.jpg 0.1982805589095495 0.6070904417232302 0.3891985276595495 0.6576373167232303
data/training_data/mix/cropped/00340.jpg 0.17485151207746394 0.6954607078153016 0.3545263088254314 0.7430379435876592
data/training_data/mix/cropped/00341.jpg 0.133122875623417 0.7712968247353265 0.3400517145747279 0.8262312816641655
data/training_data/mix/cropped/00342.jpg 0.28257466471623105 0.5933821753537836 0.495074664716231 0.6496321753537837
data/training_data/mix/cropped/00343.jpg 0.3127346344216931 0.6139401026903084 0.5408419790544614 0.6745545094699693
data/training_data/mix/cropped/00344.jpg 0.03272820229426826 0.5704768418991759 0.2283348968549377 0.6224485992213518
data/training_data/mix/cropped/00345.jpg 0.018743302132367586 0.9227556328904615 0.21683652247135066 0.9753615650938514
data/training_data/mix/cropped/00346.jpg 0.014287240709360154 0.7716941681049458 0.214644383566503 0.8248834538192316
data/training_data/mix/cropped/00347.jpg 0.17816167125679203 0.9170261649082272 0.3762548915957751 0.9698863343997527
data/training_data/mix/cropped/00348.jpg 0.19590020855385007 0.9299132014243405 0.39223173029298053 0.9819682285982536
data/training_data/mix/cropped/00349.jpg 0.15372609382387975 0.5874256270477571 0.3662260938238797 0.643675627047757
data/training_data/mix/cropped/00350.jpg 0.19989906545782976 0.8601418978867934 0.36989906545782975 0.9051418978867934
data/training_data/mix/cropped/00351.jpg 0.05531789037976733 0.6741315888855051 0.217394161566208 0.7172671821058438
data/training_data/mix/cropped/00352.jpg 0.14636122273066288 0.9166130138672389 0.36246291764591715 0.9741871664096118
data/training_data/mix/cropped/00353.jpg 0.24499742104549427 0.9063176504259925 0.4752057543788276 0.9673315393148811
data/training_data/mix/cropped/00354.jpg 0.11705399200795955 0.6080998507488159 0.30526827772224524 0.6580105650345303
data/training_data/mix/cropped/00355.jpg 0.3530829461614937 0.8326598608574082 0.5400829461614938 0.8821698608574081
data/training_data/mix/cropped/00356.jpg 0.03718615922612405 0.8657096831589272 0.2352793795651071 0.9181884967182492
data/training_data/mix/cropped/00357.jpg 0.07582461021750513 0.854915231399489 0.23859056766431364 0.898223742037787
data/training_data/mix/cropped/00358.jpg 0.12411727946484265 0.9142647016950156 0.3582274489563681 0.976542244067897
data/training_data/mix/cropped/00359.jpg 0.1844608985451355 0.8758230224875506 0.39090980976791606 0.9306680811140164
data/training_data/mix/cropped/00360.jpg 0.15092573678020305 0.837203720111577 0.3545185511514605 0.8913504266984031
data/training_data/mix/cropped/00361.jpg 0.3576977488484662 0.7623563944422214 0.5276977488484662 0.8073563944422213
data/training_data/mix/cropped/00362.jpg 0.25402433356353993 0.6752868322886905 0.4226357688027465 0.7199776140856565
data/training_data/mix/cropped/00363.jpg 0.1304552471882925 0.9007566429537992 0.34234108533858154 0.9568675533584236
data/training_data/mix/cropped/00364.jpg 0.20665903499586435 0.5917404106009556 0.3914416436915165 0.6408436714705208
data/training_data/mix/cropped/00365.jpg 0.02138249824631692 0.7535349205902423 0.23039889168893987 0.8090208690679941
data/training_data/mix/cropped/00366.jpg 0.19974883774360833 0.8597723383244911 0.4021297901245607 0.9134990463990253
data/training_data/mix/cropped/00367.jpg 0.27482232011031377 0.9234394090873922 0.45249008688699144 0.9704938645329368
data/training_data/mix/cropped/00368.jpg 0.4231954341807508 0.6810962755131191 0.5915573185490591 0.7257804296887079
data/training_data/mix/cropped/00369.jpg 0.16846382538848018 0.8584198260209266 0.3794567331898986 0.9143152160918485
data/training_data/mix/cropped/00370.jpg 0.02692472703094274 0.7576903652155799 0.23942472703094272 0.8139403652155799
data/training_data/mix/cropped/00371.jpg 0.08754592016665863 0.8472982267926529 0.30364761508191285 0.9046287352672293
data/training_data/mix/cropped/00372.jpg 0.1573841513595707 0.7235019512945787 0.35643011840206856 0.7762729833847782
data/training_data/mix/cropped/00373.jpg 0.0063195495807054376 0.808722905596466 0.21631954958070543 0.8643993761847014
data/training_data/mix/cropped/00374.jpg 0.2345394241631268 0.9051076120498865 0.40324171423946265 0.9498022685384362
data/training_data/mix/cropped/00375.jpg 0.09362647573175245 0.8032640996650484 0.3052963976067524 0.8593187871650485
data/training_data/mix/cropped/00376.jpg 0.07465389477368782 0.8248675270979521 0.2809645743853383 0.8795216533115444
data/training_data/mix/cropped/00377.jpg 0.040367096007309665 0.8414360203602325 0.25198535326872046 0.8975511655884483
data/training_data/mix/cropped/00378.jpg 0.1214636582775954 0.7964990625781222 0.3331647860971442 0.8525704911495509
data/training_data/mix/cropped/00379.jpg 0.021861199902118277 0.6862289052595791 0.19186119990211828 0.7312289052595791
data/training_data/mix/cropped/00380.jpg 0.35590449304390886 0.885535092262828 0.572006187959163 0.943056278703506
data/training_data/mix/cropped/00381.jpg 0.011097471368471758 0.7105920326379808 0.20201544011847175 0.7611364662317306
data/training_data/mix/cropped/00382.jpg 0.050612384775306545 0.766850135545768 0.267941930229852 0.8245489991821316
data/training_data/mix/cropped/00383.jpg 0.13179483645824594 0.9164779228112518 0.33525228326675655 0.9703476036623155
data/training_data/mix/cropped/00384.jpg 0.14336984987316323 0.9369665648038272 0.31336984987316324 0.9819665648038272
data/training_data/mix/cropped/00385.jpg 0.21635287093832664 0.6822592660072287 0.41822787093832664 0.7357592660072287
data/training_data/mix/cropped/00386.jpg 0.11507920077128703 0.8251844048522187 0.327579200771287 0.8814344048522187
data/training_data/mix/cropped/00387.jpg 0.07097603903495162 0.8103640012323706 0.2409760390349516 0.8553640012323706
data/training_data/mix/cropped/00388.jpg 0.04482047711295573 0.7649003954995379 0.2541352522735553 0.8203982541719148
data/training_data/mix/cropped/00389.jpg 0.09256031304820404 0.6132801274933055 0.2828588205108906 0.6638878033994888
data/training_data/mix/cropped/00390.jpg 0.32287347383375187 0.7670167979082492 0.5183734738337519 0.8188567979082491
data/training_data/mix/cropped/00391.jpg 0.39403320538794134 0.9256082453235266 0.5899551912035441 0.9775408694370017
data/training_data/mix/cropped/00392.jpg 0.06889230024952113 0.7926533236646429 0.2707673002495211 0.8461408236646428
data/training_data/mix/cropped/00393.jpg 0.1259195549657484 0.8370195476599513 0.3349359484083713 0.8924567061298968
data/training_data/mix/cropped/00394.jpg 0.5483507932753034 0.43458775638933345 0.7464440136142866 0.48744792588085883
data/training_data/mix/cropped/00395.jpg 0.15124969387424192 0.769930932388337 0.3172653188742419 0.813993432388337
data/training_data/mix/cropped/00396.jpg 0.14798352571597637 0.8630933658775368 0.3539978883730679 0.9176804394861544
data/training_data/mix/cropped/00397.jpg 0.16674456932629267 0.934787425007137 0.3583138514631875 0.9857014483794242
data/training_data/mix/cropped/00398.jpg 0.03851004339822067 0.7964661067589287 0.25553131999396533 0.8540618514397796
data/training_data/mix/cropped/00399.jpg 0.3980052790716394 0.6483897776775784 0.6105052790716394 0.7048897776775785
data/training_data/mix/cropped/00400.jpg 0.07622338838617237 0.8872954909611536 0.2570744522159596 0.9352529377696642
data/training_data/mix/cropped/00401.jpg 0.48812954729106456 0.8073079086338538 0.7006295472910645 0.8635579086338538
data/training_data/mix/cropped/00402.jpg 0.25455511864989505 0.6617638895896388 0.4906662297610061 0.7242638895896388
data/training_data/mix/cropped/00403.jpg 0.4170100110082243 0.8962228796620352 0.6295100110082243 0.9524728796620352
