0.03418177604675293 0.7169802856445312 0.22009770711263021 0.7623255920410156
0.1544336191813151 0.8576137288411458 0.31605578104654947 0.9047294108072916
0.10202236175537109 0.869525655110677 0.27964775085449217 0.9157316080729166
0.031597108840942384 0.6724570719401042 0.22385993957519532 0.7247624715169271
0.01593672752380371 0.9241542561848959 0.19556087493896485 0.96650390625
0.06939661661783854 0.9051772054036459 0.24311360677083332 0.9549610392252604
0.22684916178385417 0.7727597045898438 0.4531012471516927 0.8314422607421875
0.10953683217366536 0.9239339192708333 0.285352528889974 0.9648667399088542
0.04076343536376953 0.798070068359375 0.21206119537353516 0.8445149230957031
0.027022552490234376 0.8537978108723958 0.2119949722290039 0.8919690958658855
0.08308367411295572 0.7408976745605469 0.25782081604003904 0.7894012451171875
0.12171487172444662 0.9327439371744791 0.28194356282552085 0.9743117268880208
0.015452127456665039 0.8699553426106771 0.20016632080078126 0.9194718424479167
0.17621851603190103 0.9089711507161459 0.3672022247314453 0.958494873046875
0.16688846588134765 0.9224989827473958 0.36018961588541665 0.9691867065429688
0.07904773712158203 0.8939115397135416 0.2777747344970703 0.9429807535807292
0.05535621643066406 0.8935350545247396 0.22938707987467447 0.9343528238932292
0.05010293006896973 0.9274898274739584 0.23667505900065103 0.9679994710286458
0.04980839729309082 0.9265496826171875 0.22919418334960937 0.966695556640625
0.12638254801432292 0.8347959391276042 0.3002648417154948 0.8813704427083333
0.10042074203491211 0.9131116739908854 0.27585477193196617 0.9568599446614583
0.07515855153401693 0.9060429890950521 0.2738229370117187 0.9559169514973959
0.10964220682779947 0.7759172058105469 0.31255126953125 0.8265469360351563
0.20788851420084636 0.8022593688964844 0.39060546875 0.8495297241210937
0.07211416244506835 0.9309574381510417 0.2337249247233073 0.9701697794596355
0.04424036026000976 0.8575830078125 0.2668763732910156 0.9171588134765625
0.13577738444010418 0.9129965209960937 0.34332855224609377 0.9624782307942709
0.036855831146240234 0.7557602945963542 0.21135297139485676 0.8042487589518229
0.030519094467163086 0.824759521484375 0.22515187581380208 0.8738895670572917
0.0670232391357422 0.9101971435546875 0.26125221252441405 0.9619960530598959
0.011895179748535156 0.8854472859700521 0.1929911804199219 0.929478047688802
0.1184460703531901 0.8415080769856771 0.3346087137858073 0.8942079671223958
0.037675361633300784 0.8859685262044271 0.21139063517252604 0.9303749593098959
0.03847002983093262 0.9221396891276041 0.21777689615885418 0.9684352620442709
0.12380630493164063 0.7519237263997396 0.27916244506835936 0.8023575846354166
0.03672918955485026 0.8936201985677084 0.19160985310872397 0.9315211995442708
0.14686482747395832 0.8724845377604167 0.37354331970214844 0.9339468383789062
0.022720756530761718 0.932730712890625 0.17099390665690103 0.9749642944335938
0.06592145284016927 0.7894261169433594 0.256738535563151 0.8423432922363281
0.1307431157430013 0.7498866271972656 0.32665211995442706 0.8009954833984375
0.1586211649576823 0.9071620686848958 0.35184440612792967 0.9580018107096354
0.1445935821533203 0.7899782307942709 0.3223421223958333 0.8385337320963542
0.05955584208170573 0.8953959147135416 0.25979148864746093 0.9421966552734375
0.01516712188720703 0.9213496907552083 0.17772556304931642 0.9618312581380208
0.10658115386962891 0.8584328206380208 0.3085710906982422 0.9087116495768229
0.009822826385498046 0.8884250895182292 0.19420488993326823 0.9365793863932291
0.022795801162719728 0.8331535339355469 0.21323387145996095 0.8847383626302083
0.032333574295043944 0.8761953735351562 0.20506694793701172 0.9229208374023438
0.10797103881835937 0.7505322265625 0.26733668009440104 0.7995860290527343
0.029421882629394533 0.6941896565755208 0.20845481872558594 0.742151387532552
