data/training_data/cropped/00001_wm_crop.jpg 0.058850493653032444 0.8822990126939351 0.25666431593794076 0.9347284908321579
data/training_data/cropped/00002_wm_crop.jpg 0.058687943262411356 0.8826241134751773 0.24958628841607566 0.9334101654846335
data/training_data/cropped/00003_wm_crop.jpg 0.05878787878787879 0.8824242424242423 0.2584090909090909 0.9352727272727273
data/training_data/cropped/00004_wm_crop.jpg 0.0625916870415648 0.8748166259168705 0.27041564792176037 0.9299755501222494
data/training_data/cropped/00005_wm_crop.jpg 0.05775 0.8845 0.25325 0.9362750000000001
data/training_data/cropped/00006_wm_crop.jpg 0.05677966101694915 0.8864406779661016 0.2458686440677966 0.9366101694915255
data/training_data/cropped/00007_wm_crop.jpg 0.07446808510638298 0.851063829787234 0.32313829787234044 0.9170212765957447
data/training_data/cropped/00008_wm_crop.jpg 0.05697969543147209 0.8860406091370558 0.24035532994923858 0.9348857868020305
data/training_data/cropped/00009_wm_crop.jpg 0.0511758691206544 0.8976482617586912 0.225 0.9436656441717791
data/training_data/cropped/00010_wm_crop.jpg 0.058185840707964606 0.8836283185840709 0.24623893805309732 0.9336946902654867
data/training_data/cropped/00011_wm_crop.jpg 0.05625 0.8875 0.24325 0.937125
data/training_data/cropped/00012_wm_crop.jpg 0.050200534759358297 0.8995989304812834 0.22065508021390376 0.944725935828877
data/training_data/cropped/00013_wm_crop.jpg 0.050043859649122814 0.8999122807017544 0.21407894736842106 0.9435131578947369
data/training_data/cropped/00014_wm_crop.jpg 0.05625 0.8875 0.24446428571428572 0.9374107142857143
data/training_data/cropped/00015_wm_crop.jpg 0.0625 0.875 0.275 0.93125
data/training_data/cropped/00016_wm_crop.jpg 0.061810661764705885 0.8763786764705882 0.2649356617647059 0.9303538602941176
data/training_data/cropped/00017_wm_crop.jpg 0.057846715328467156 0.8843065693430657 0.243978102189781 0.9338868613138686
data/training_data/cropped/00018_wm_crop.jpg 0.06033568904593639 0.8793286219081273 0.26307420494699646 0.933065371024735
data/training_data/cropped/00019_wm_crop.jpg 0.058050000000000004 0.8839000000000001 0.25355 0.9357049999999999
data/training_data/cropped/00020_wm_crop.jpg 0.05742857142857143 0.8851428571428572 0.2517142857142857 0.9366
data/training_data/cropped/00021_wm_crop.jpg 0.05880281690140845 0.8823943661971831 0.25035211267605634 0.9333450704225351
data/training_data/cropped/00022_wm_crop.jpg 0.06864406779661017 0.8627118644067797 0.2847457627118644 0.9204237288135595
data/training_data/cropped/00023_wm_crop.jpg 0.06365740740740741 0.8726851851851851 0.2761574074074074 0.929050925925926
data/training_data/cropped/00024_wm_crop.jpg 0.05612500000000001 0.8877499999999999 0.24029166666666668 0.9366958333333334
data/training_data/cropped/00025_wm_crop.jpg 0.055665024630541876 0.8886699507389163 0.2440886699507389 0.9385714285714286
data/training_data/cropped/00026_wm_crop.jpg 0.075 0.85 0.33 0.9175
data/training_data/cropped/00027_wm_crop.jpg 0.06327586206896552 0.873448275862069 0.26844827586206893 0.928051724137931
data/training_data/cropped/00028_wm_crop.jpg 0.056218750000000005 0.8875624999999999 0.24215625 0.936934375
data/training_data/cropped/00029_wm_crop.jpg 0.062466032608695654 0.8750679347826087 0.27034646739130436 0.9302275815217391
data/training_data/cropped/00030_wm_crop.jpg 0.06213680387409201 0.8757263922518159 0.27309322033898303 0.9315768765133172
data/training_data/cropped/00031_wm_crop.jpg 0.05679166666666667 0.8864166666666667 0.24804166666666666 0.9370958333333332
data/training_data/cropped/00032_wm_crop.jpg 0.07387218045112783 0.8522556390977443 0.31353383458646616 0.9160338345864663
data/training_data/cropped/00033_wm_crop.jpg 0.05825842696629214 0.8834831460674157 0.2492696629213483 0.934252808988764
data/training_data/cropped/00034_wm_crop.jpg 0.056746031746031746 0.8865079365079365 0.24226190476190476 0.9358333333333333
data/training_data/cropped/00035_wm_crop.jpg 0.05 0.9 0.21346153846153845 0.9434615384615385
data/training_data/cropped/00036_wm_crop.jpg 0.050156412930135556 0.8996871741397289 0.21856100104275286 0.9443274244004172
data/training_data/cropped/00037_wm_crop.jpg 0.07355371900826446 0.8528925619834711 0.3194214876033058 0.9180991735537191
data/training_data/cropped/00038_wm_crop.jpg 0.053691983122362875 0.8926160337552743 0.2330168776371308 0.9401793248945147
data/training_data/cropped/00039_wm_crop.jpg 0.061553627760252375 0.8768927444794954 0.2693611987381704 0.9319440063091482
data/training_data/cropped/00040_wm_crop.jpg 0.06341666666666666 0.8731666666666666 0.27875 0.9301749999999999
data/training_data/cropped/00041_wm_crop.jpg 0.06262295081967213 0.8747540983606558 0.2716393442622951 0.9301967213114753
data/training_data/cropped/00042_wm_crop.jpg 0.05625 0.8875 0.24446428571428572 0.9374107142857143
data/training_data/cropped/00043_wm_crop.jpg 0.0625 0.875 0.275 0.93125
data/training_data/cropped/00044_wm_crop.jpg 0.05335538752362949 0.8932892249527409 0.2301039697542533 0.9402126654064271
data/training_data/cropped/00045_wm_crop.jpg 0.0625 0.875 0.275 0.93125
data/training_data/cropped/00046_wm_crop.jpg 0.06 0.88 0.261875 0.9335
data/training_data/cropped/00047_wm_crop.jpg 0.0625 0.875 0.275 0.93125
data/training_data/cropped/00048_wm_crop.jpg 0.05625 0.8875 0.23633474576271185 0.935497881355932
data/training_data/cropped/00049_wm_crop.jpg 0.059375 0.88125 0.26125 0.9346875
data/training_data/cropped/00050_wm_crop.jpg 0.06208333333333333 0.8758333333333334 0.2675 0.9303750000000001
data/training_data/cropped/00051_wm_crop.jpg 0.06251563151313047 0.8749687369737391 0.2733326385994164 0.9308243017924136
data/training_data/cropped/00052_wm_crop.jpg 0.05877378435517971 0.8824524312896406 0.25644820295983084 0.9348414376321352
data/training_data/cropped/00053_wm_crop.jpg 0.0625586854460094 0.8748826291079813 0.2720657276995305 0.9304342723004695
data/training_data/cropped/00054_wm_crop.jpg 0.06609263657957246 0.8678147268408551 0.2881828978622328 0.9266805225653207
data/training_data/cropped/00055_wm_crop.jpg 0.06226287262872629 0.8754742547425475 0.269579945799458 0.930481029810298
data/training_data/cropped/00056_wm_crop.jpg 0.05380000000000001 0.8924000000000001 0.2323 0.93978
data/training_data/cropped/00057_wm_crop.jpg 0.06071428571428572 0.8785714285714287 0.2599330357142857 0.9315178571428573
data/training_data/cropped/00058_wm_crop.jpg 0.051704545454545454 0.8965909090909091 0.2255681818181818 0.9426704545454545
data/training_data/cropped/00059_wm_crop.jpg 0.06944444444444445 0.8611111111111112 0.3055555555555556 0.9236111111111112
data/training_data/cropped/00060_wm_crop.jpg 0.05625 0.8875 0.2431712962962963 0.9371064814814815
data/training_data/cropped/00061_wm_crop.jpg 0.0625 0.875 0.275 0.93125
data/training_data/cropped/00062_wm_crop.jpg 0.05 0.9 0.21207627118644068 0.9431355932203389
data/training_data/cropped/00063_wm_crop.jpg 0.06944444444444445 0.8611111111111112 0.3055555555555556 0.9236111111111112
data/training_data/cropped/00064_wm_crop.jpg 0.05998475609756098 0.880030487804878 0.2608231707317073 0.9332850609756098
data/training_data/cropped/00065_wm_crop.jpg 0.05 0.9 0.216015625 0.9440625
data/training_data/cropped/00066_wm_crop.jpg 0.0625 0.875 0.2605932203389831 0.9278601694915255
data/training_data/cropped/00067_wm_crop.jpg 0.06627777777777778 0.8674444444444445 0.28350000000000003 0.9251833333333332
data/training_data/cropped/00068_wm_crop.jpg 0.061375000000000006 0.8772500000000001 0.26679166666666665 0.9317208333333333
data/training_data/cropped/00069_wm_crop.jpg 0.0625 0.875 0.2605932203389831 0.9278601694915255
data/training_data/cropped/00070_wm_crop.jpg 0.06238317757009346 0.875233644859813 0.2689252336448598 0.9300700934579439
data/training_data/cropped/00071_wm_crop.jpg 0.058333333333333334 0.8833333333333333 0.25351851851851853 0.9350925925925926
data/training_data/cropped/00072_wm_crop.jpg 0.05 0.9 0.22 0.945
data/training_data/cropped/00073_wm_crop.jpg 0.0704449152542373 0.8591101694915254 0.3045550847457627 0.9212394067796611
data/training_data/cropped/00074_wm_crop.jpg 0.06280000000000001 0.8744000000000001 0.26680000000000004 0.9286800000000001
data/training_data/cropped/00075_wm_crop.jpg 0.06810000000000001 0.8637999999999999 0.29760000000000003 0.9246099999999999
data/training_data/cropped/00076_wm_crop.jpg 0.0625 0.875 0.275 0.93125
data/training_data/cropped/00077_wm_crop.jpg 0.062037037037037036 0.8759259259259259 0.27296296296296296 0.9317592592592593
data/training_data/cropped/00078_wm_crop.jpg 0.05 0.9 0.2180232558139535 0.9445348837209302
data/training_data/cropped/00079_wm_crop.jpg 0.05 0.9 0.22 0.945
data/training_data/cropped/00080_wm_crop.jpg 0.06 0.88 0.26035714285714284 0.9331428571428572
data/training_data/cropped/00081_wm_crop.jpg 0.0625 0.875 0.275 0.93125
data/training_data/cropped/00082_wm_crop.jpg 0.069375 0.8612500000000001 0.301796875 0.9228749999999998
data/training_data/cropped/00083_wm_crop.jpg 0.06942934782608697 0.861141304347826 0.30040760869565214 0.9224320652173914
data/training_data/cropped/00084_wm_crop.jpg 0.0625 0.875 0.275 0.93125
data/training_data/cropped/00085_wm_crop.jpg 0.0555921052631579 0.8888157894736842 0.2419956140350877 0.938234649122807
data/training_data/cropped/00086_wm_crop.jpg 0.0625 0.875 0.2605932203389831 0.9278601694915255
data/training_data/cropped/00087_wm_crop.jpg 0.0625263157894737 0.8749473684210527 0.26831578947368423 0.929621052631579
data/training_data/cropped/00088_wm_crop.jpg 0.06307439824945296 0.8738512035010941 0.27696936542669587 0.9304868708971553
data/training_data/cropped/00089_wm_crop.jpg 0.06256830601092897 0.874863387978142 0.2715846994535519 0.9303005464480875
data/training_data/cropped/00090_wm_crop.jpg 0.06256830601092897 0.874863387978142 0.2715846994535519 0.9303005464480875
data/training_data/cropped/00091_wm_crop.jpg 0.058333333333333334 0.8833333333333333 0.25666666666666665 0.9358333333333333
data/training_data/cropped/00092_wm_crop.jpg 0.06256830601092897 0.874863387978142 0.2715846994535519 0.9303005464480875
data/training_data/cropped/00093_wm_crop.jpg 0.06964285714285715 0.8607142857142857 0.29732142857142857 0.92125
data/training_data/cropped/00094_wm_crop.jpg 0.07299382716049384 0.8540123456790123 0.30910493827160496 0.9168672839506172
data/training_data/cropped/00095_wm_crop.jpg 0.05837628865979382 0.8832474226804123 0.2555412371134021 0.9354768041237113
data/training_data/cropped/00096_wm_crop.jpg 0.06256830601092897 0.874863387978142 0.2715846994535519 0.9303005464480875
data/training_data/cropped/00097_wm_crop.jpg 0.06525423728813559 0.8694915254237289 0.28135593220338984 0.9268644067796611
data/training_data/cropped/00098_wm_crop.jpg 0.06964285714285715 0.8607142857142857 0.29732142857142857 0.92125
data/training_data/cropped/00099_wm_crop.jpg 0.05 0.9 0.22 0.945
data/training_data/cropped/00100_wm_crop.jpg 0.06256830601092897 0.874863387978142 0.2715846994535519 0.9303005464480875
data/training_data/cropped/00101_wm_crop.jpg 0.05311666666666667 0.8937666666666667 0.23161666666666667 0.9410783333333334
data/training_data/cropped/00102_wm_crop.jpg 0.05625 0.8875 0.23633474576271185 0.935497881355932
data/training_data/cropped/00103_wm_crop.jpg 0.06949404761904762 0.8610119047619048 0.29717261904761905 0.9215327380952381
data/training_data/cropped/00104_wm_crop.jpg 0.06256830601092897 0.874863387978142 0.2715846994535519 0.9303005464480875
data/training_data/cropped/00105_wm_crop.jpg 0.059083333333333335 0.8818333333333334 0.2574166666666666 0.9344083333333333
data/training_data/cropped/00106_wm_crop.jpg 0.05269953051643193 0.8946009389671362 0.21232394366197183 0.9374295774647888
data/training_data/cropped/00107_wm_crop.jpg 0.060000000000000005 0.8799999999999999 0.2613157894736842 0.9333684210526316
data/training_data/cropped/00108_wm_crop.jpg 0.05 0.9 0.22 0.945
data/training_data/cropped/00109_wm_crop.jpg 0.05837628865979382 0.8832474226804123 0.2555412371134021 0.9354768041237113
data/training_data/cropped/00110_wm_crop.jpg 0.058505154639175265 0.8829896907216496 0.2556701030927835 0.9352319587628866
data/training_data/cropped/00111_wm_crop.jpg 0.05 0.9 0.22 0.945
data/training_data/cropped/00112_wm_crop.jpg 0.0625 0.875 0.275 0.93125
data/training_data/cropped/00113_wm_crop.jpg 0.06332752613240418 0.8733449477351916 0.27804878048780485 0.9302003484320557
data/training_data/cropped/00114_wm_crop.jpg 0.059973404255319156 0.8800531914893618 0.26343085106382974 0.9339228723404255
data/training_data/cropped/00115_wm_crop.jpg 0.0625 0.875 0.275 0.93125
data/training_data/cropped/00116_wm_crop.jpg 0.0625 0.875 0.275 0.93125
data/training_data/cropped/00117_wm_crop.jpg 0.05998641304347827 0.8800271739130435 0.26209239130434786 0.9335801630434782
data/training_data/cropped/00118_wm_crop.jpg 0.06614100185528757 0.8677179962894249 0.28692022263450834 0.9262801484230055
data/training_data/cropped/00119_wm_crop.jpg 0.075875 0.84825 0.330875 0.9158375000000001
data/training_data/cropped/00120_wm_crop.jpg 0.05013966480446927 0.8997206703910615 0.21634078212290503 0.943840782122905
data/training_data/cropped/00121_wm_crop.jpg 0.0625 0.875 0.2605932203389831 0.9278601694915255
data/training_data/cropped/00122_wm_crop.jpg 0.06244239631336406 0.8751152073732718 0.26808755760368663 0.9297465437788018
data/training_data/cropped/00123_wm_crop.jpg 0.05899053627760252 0.882018927444795 0.25339116719242905 0.933659305993691
data/training_data/cropped/00124_wm_crop.jpg 0.06229166666666667 0.8754166666666667 0.2659375 0.9295625000000001
data/training_data/cropped/00125_wm_crop.jpg 0.05911458333333334 0.8817708333333334 0.25833333333333336 0.9345572916666667
data/training_data/cropped/00126_wm_crop.jpg 0.0625 0.875 0.2605932203389831 0.9278601694915255
data/training_data/cropped/00127_wm_crop.jpg 0.06474537037037037 0.8705092592592594 0.28118055555555554 0.9279097222222221
data/training_data/cropped/00128_wm_crop.jpg 0.05621739130434783 0.8875652173913043 0.241 0.9366652173913044
data/training_data/cropped/00129_wm_crop.jpg 0.06944444444444445 0.8611111111111112 0.3055555555555556 0.9236111111111112
data/training_data/cropped/00130_wm_crop.jpg 0.062464285714285715 0.8750714285714285 0.26889285714285716 0.9298892857142858
data/training_data/cropped/00131_wm_crop.jpg 0.0717153284671533 0.8565693430656933 0.3121350364963504 0.9203102189781023
data/training_data/cropped/00132_wm_crop.jpg 0.058800000000000005 0.8824000000000001 0.2543 0.93428
data/training_data/cropped/00133_wm_crop.jpg 0.06579545454545455 0.8684090909090909 0.2847348484848485 0.9265037878787876
data/training_data/cropped/00134_wm_crop.jpg 0.06 0.88 0.261875 0.9335
data/training_data/cropped/00135_wm_crop.jpg 0.06944444444444445 0.8611111111111112 0.3055555555555556 0.9236111111111112
data/training_data/cropped/00136_wm_crop.jpg 0.05625 0.8875 0.24716796875 0.938046875
data/training_data/cropped/00137_wm_crop.jpg 0.053008130081300814 0.8939837398373983 0.23268292682926828 0.941560975609756
data/training_data/cropped/00138_wm_crop.jpg 0.062453183520599254 0.8750936329588014 0.2693820224719101 0.9300280898876404
data/training_data/cropped/00139_wm_crop.jpg 0.0625 0.875 0.275 0.93125
data/training_data/cropped/00140_wm_crop.jpg 0.06942090395480227 0.8611581920903956 0.29752824858757065 0.9217725988700565
data/training_data/cropped/00141_wm_crop.jpg 0.05946652719665272 0.8810669456066945 0.25507322175732217 0.9330387029288701
data/training_data/cropped/00142_wm_crop.jpg 0.059957627118644066 0.8800847457627118 0.25805084745762713 0.9326906779661017
data/training_data/cropped/00143_wm_crop.jpg 0.06046428571428572 0.8790714285714286 0.26082142857142854 0.9322607142857142
data/training_data/cropped/00144_wm_crop.jpg 0.0625 0.875 0.2605932203389831 0.9278601694915255
data/training_data/cropped/00145_wm_crop.jpg 0.05859375 0.8828125 0.25492527173913043 0.9348675271739131
data/training_data/cropped/00146_wm_crop.jpg 0.0625 0.875 0.275 0.93125
data/training_data/cropped/00147_wm_crop.jpg 0.05 0.9 0.22 0.945
data/training_data/cropped/00148_wm_crop.jpg 0.05 0.9 0.21207627118644068 0.9431355932203389
data/training_data/cropped/00149_wm_crop.jpg 0.06726694915254237 0.8654661016949152 0.2833686440677966 0.9230402542372881
data/training_data/cropped/00150_wm_crop.jpg 0.06847222222222223 0.8630555555555557 0.29868055555555556 0.9240694444444444
data/training_data/cropped/00151_wm_crop.jpg 0.05625 0.8875 0.24446428571428572 0.9374107142857143
data/training_data/cropped/00152_wm_crop.jpg 0.0551 0.8897999999999999 0.24209999999999998 0.93931
data/training_data/cropped/00153_wm_crop.jpg 0.058686440677966106 0.8826271186440678 0.25677966101694916 0.9351059322033899
data/training_data/cropped/00154_wm_crop.jpg 0.050106382978723406 0.8997872340425531 0.2128723404255319 0.943095744680851
data/training_data/cropped/00155_wm_crop.jpg 0.07192796610169493 0.8561440677966102 0.3060381355932203 0.9184216101694915
data/training_data/cropped/00156_wm_crop.jpg 0.06268844221105528 0.8746231155778894 0.2691373534338359 0.9294681742043551
data/training_data/cropped/00157_wm_crop.jpg 0.06242514970059881 0.8751497005988025 0.2660179640718563 0.9292964071856287
data/training_data/cropped/00158_wm_crop.jpg 0.05 0.9 0.22 0.945
data/training_data/cropped/00159_wm_crop.jpg 0.050175029171528586 0.8996499416569428 0.21878646441073513 0.944340723453909
data/training_data/cropped/00160_wm_crop.jpg 0.06255419075144508 0.8748916184971097 0.2744400289017341 0.9310025289017341
data/training_data/cropped/00161_wm_crop.jpg 0.05625 0.8875 0.24103260869565218 0.9366032608695651
data/training_data/cropped/00162_wm_crop.jpg 0.06305620608899297 0.873887587822014 0.27207259953161594 0.9293735362997657
data/training_data/cropped/00163_wm_crop.jpg 0.061076604554865424 0.8778467908902692 0.2634575569358178 0.9315734989648035
data/training_data/cropped/00164_wm_crop.jpg 0.0525027502750275 0.8949944994499449 0.23017051705170516 0.9420489548954896
data/training_data/cropped/00165_wm_crop.jpg 0.05069593147751606 0.8986081370449679 0.2190578158458244 0.9432922912205567
data/training_data/cropped/00166_wm_crop.jpg 0.0625 0.875 0.27349290780141844 0.9308953900709219
data/training_data/cropped/00167_wm_crop.jpg 0.0625 0.875 0.275 0.93125
data/training_data/cropped/00168_wm_crop.jpg 0.06483050847457628 0.8703389830508473 0.2809322033898305 0.9276694915254238
data/training_data/cropped/00169_wm_crop.jpg 0.05936686903729402 0.8812662619254119 0.2584128360797918 0.9340372940156114
data/training_data/cropped/00170_wm_crop.jpg 0.06264705882352942 0.8747058823529412 0.2726470588235294 0.9303823529411765
data/training_data/cropped/00171_wm_crop.jpg 0.05 0.9 0.21870229007633588 0.9446946564885496
data/training_data/cropped/00172_wm_crop.jpg 0.0625 0.875 0.274169921875 0.9310546875000001
data/training_data/cropped/00173_wm_crop.jpg 0.061104368932038834 0.8777912621359223 0.2674150485436893 0.9324453883495146
data/training_data/cropped/00174_wm_crop.jpg 0.06322614107883817 0.8735477178423235 0.27484439834024893 0.9296628630705394
data/training_data/cropped/00175_wm_crop.jpg 0.06259398496240602 0.8748120300751879 0.2742951127819549 0.9308834586466166
data/training_data/cropped/00176_wm_crop.jpg 0.05 0.9 0.22 0.945
data/training_data/cropped/00177_wm_crop.jpg 0.06673728813559322 0.8665254237288136 0.2828389830508475 0.9240466101694915
data/training_data/cropped/00178_wm_crop.jpg 0.0562255859375 0.8875488281249999 0.2471435546875 0.9380932617187501
data/training_data/cropped/00179_wm_crop.jpg 0.065625 0.86875 0.28295454545454546 0.9264488636363637
data/training_data/cropped/00180_wm_crop.jpg 0.059973404255319156 0.8800531914893618 0.26343085106382974 0.9339228723404255
data/training_data/cropped/00181_wm_crop.jpg 0.05 0.9 0.22 0.945
data/training_data/cropped/00182_wm_crop.jpg 0.06 0.88 0.261875 0.9335
data/training_data/cropped/00183_wm_crop.jpg 0.0625 0.875 0.275 0.93125
data/training_data/cropped/00184_wm_crop.jpg 0.05 0.9 0.22 0.945
data/training_data/cropped/00185_wm_crop.jpg 0.06247323340471092 0.8750535331905781 0.2717880085653105 0.930551391862955
data/training_data/cropped/00186_wm_crop.jpg 0.058315565031982944 0.8833688699360341 0.2486140724946695 0.9339765458422175
data/training_data/cropped/00187_wm_crop.jpg 0.05840000000000001 0.8832 0.2539 0.93504
data/training_data/cropped/00188_wm_crop.jpg 0.058333333333333334 0.8833333333333334 0.2542553191489362 0.9352659574468085
data/training_data/cropped/00189_wm_crop.jpg 0.059875000000000005 0.8802500000000001 0.26175 0.9337375
data/training_data/cropped/00190_wm_crop.jpg 0.06256830601092897 0.874863387978142 0.2715846994535519 0.9303005464480875
data/training_data/cropped/00191_wm_crop.jpg 0.0625 0.875 0.2605932203389831 0.9278601694915255
data/training_data/cropped/00192_wm_crop.jpg 0.05 0.9 0.216015625 0.9440625
data/training_data/cropped/00193_wm_crop.jpg 0.06113105924596051 0.877737881508079 0.26714542190305207 0.9323249551166966
data/training_data/cropped/00194_wm_crop.jpg 0.0583889816360601 0.8832220367278797 0.2499582637729549 0.9341360601001669
data/training_data/cropped/00195_wm_crop.jpg 0.06531914893617022 0.8693617021276596 0.28234042553191485 0.9269574468085106
data/training_data/cropped/00196_wm_crop.jpg 0.065 0.8699999999999999 0.27749999999999997 0.9265000000000001
data/training_data/cropped/00197_wm_crop.jpg 0.054042553191489366 0.8919148936170213 0.23489361702127662 0.9398723404255319
data/training_data/cropped/00198_wm_crop.jpg 0.0625 0.875 0.275 0.93125
data/training_data/cropped/00199_wm_crop.jpg 0.06944444444444445 0.8611111111111112 0.3055555555555556 0.9236111111111112
data/training_data/cropped/00200_wm_crop.jpg 0.0625 0.875 0.275 0.93125
