data/training_data/cropped/00051_wm_crop.jpg 0.022941455189599325 0.9180036227789474 0.2337584622758853 0.9738591875976219
data/training_data/cropped/00052_wm_crop.jpg 0.10366304672722082 0.8608980908300533 0.301337465331872 0.913287097172548
data/training_data/cropped/00053_wm_crop.jpg 0.021548512380015167 0.9260939567089533 0.23105555463353628 0.9816455999014415
data/training_data/cropped/00054_wm_crop.jpg 0.008669202986849646 0.8402471619371421 0.23075946426950997 0.8991129576616077
data/training_data/cropped/00055_wm_crop.jpg 0.10932821689962838 0.8269719746904307 0.3166452900703601 0.8819787497581814
data/training_data/cropped/00056_wm_crop.jpg 0.011297537040418852 0.8901520718141973 0.18979753704041885 0.9375320718141973
data/training_data/cropped/00057_wm_crop.jpg 0.10775330539285687 0.92493677635047 0.3069720553928569 0.9778832049218986
data/training_data/cropped/00058_wm_crop.jpg 0.0096135425486144 0.8815788954503736 0.18347717891225077 0.927658440904919
data/training_data/cropped/00059_wm_crop.jpg 0.017536003514399733 0.9147509172667726 0.2536471146255108 0.9772509172667726
data/training_data/cropped/00060_wm_crop.jpg 0.15079678159410634 0.930922930129258 0.33771807789040265 0.9805294116107395
data/training_data/cropped/00061_wm_crop.jpg 0.008415393972661235 0.8607406645612775 0.22091539397266124 0.9169906645612775
data/training_data/cropped/00062_wm_crop.jpg 0.11711755649407272 0.8302167527467408 0.27919382768051343 0.8733523459670797
data/training_data/cropped/00063_wm_crop.jpg 0.19181875778720958 0.908804897640904 0.4279298688983207 0.971304897640904
data/training_data/cropped/00064_wm_crop.jpg 0.17872899915323953 0.9245308249544149 0.37956741378738584 0.9777853981251466
data/training_data/cropped/00065_wm_crop.jpg 0.20659097735811044 0.8810759071880524 0.37260660235811044 0.9251384071880524
data/training_data/cropped/00066_wm_crop.jpg 0.040194839072318335 0.8436277499540085 0.2382880594113014 0.896487919445534
data/training_data/cropped/00067_wm_crop.jpg 0.21394809992226566 0.8005309263014291 0.4311703221444879 0.8582698151903179
data/training_data/cropped/00068_wm_crop.jpg 0.13327655599054272 0.8021827342374972 0.3386932226572094 0.8566535675708304
data/training_data/cropped/00069_wm_crop.jpg 0.03758209284214205 0.9247039088876527 0.23567531318112508 0.9775640783791782
data/training_data/cropped/00070_wm_crop.jpg 0.03352148399379084 0.6824147225043175 0.24006354006855718 0.7372511711024483
data/training_data/cropped/00071_wm_crop.jpg 0.06622907370992999 0.8952606101321046 0.26141425889511516 0.9470198693913638
data/training_data/cropped/00072_wm_crop.jpg 0.006727905784315233 0.8833951146028701 0.17672790578431521 0.92839511460287
data/training_data/cropped/00073_wm_crop.jpg 0.018834553147826408 0.6642829859872392 0.2529447226393518 0.7264122232753749
data/training_data/cropped/00074_wm_crop.jpg 0.09194689058358553 0.8785044814114344 0.29594689058358553 0.9327844814114344
data/training_data/cropped/00075_wm_crop.jpg 0.09134823339725542 0.9135110573076056 0.3208482333972554 0.9743210573076055
data/training_data/cropped/00076_wm_crop.jpg 0.2619825448540359 0.9039259180301142 0.4744825448540359 0.9601759180301143
data/training_data/cropped/00077_wm_crop.jpg 0.01898068675378289 0.9282317122452881 0.22990661267970883 0.9840650455786214
data/training_data/cropped/00078_wm_crop.jpg 0.036804905375183314 0.9253048145407121 0.2048281611891368 0.9698396982616423
data/training_data/cropped/00079_wm_crop.jpg 0.15941054756970716 0.9437867907321827 0.32941054756970717 0.9887867907321828
data/training_data/cropped/00080_wm_crop.jpg 0.09277291493021703 0.930346261076999 0.2931300577873599 0.9834891182198562
data/training_data/cropped/00081_wm_crop.jpg 0.03359421959851948 0.8512131578687552 0.2460942195985195 0.9074631578687552
data/training_data/cropped/00082_wm_crop.jpg 0.021496609942456175 0.8623985045498905 0.25391848494245617 0.9240235045498906
data/training_data/cropped/00083_wm_crop.jpg 0.03991295262181363 0.8678220189170228 0.27089121349137885 0.9291127797865882
data/training_data/cropped/00084_wm_crop.jpg 0.036185109949067776 0.8465560522096292 0.24868510994906778 0.9028060522096291
data/training_data/cropped/00085_wm_crop.jpg 0.041072596857061536 0.9114353320219026 0.22747610562899137 0.9608541916710254
data/training_data/cropped/00086_wm_crop.jpg 0.008976359860043824 0.8671523444509996 0.20706958019902688 0.9200125139425251
data/training_data/cropped/00087_wm_crop.jpg 0.10240275279371563 0.8682720980485994 0.30819222647792616 0.9229457822591257
data/training_data/cropped/00088_wm_crop.jpg 0.06587847104722433 0.8503810845806834 0.2797734382244672 0.9070167519767446
data/training_data/cropped/00089_wm_crop.jpg 0.11083986773137183 0.8651023634324075 0.3198562611739948 0.920539521902353
data/training_data/cropped/00090_wm_crop.jpg 0.06484058875018582 0.768633336753923 0.2738569821928088 0.8240704952238684
data/training_data/cropped/00091_wm_crop.jpg 0.11911107249779378 0.8458405288279386 0.3174444058311271 0.8983405288279386
data/training_data/cropped/00092_wm_crop.jpg 0.020950844900066573 0.9257123688938262 0.22996723834268953 0.9811495273637716
data/training_data/cropped/00093_wm_crop.jpg 0.010984042323969217 0.8015749415216323 0.23866261375254064 0.8621106558073467
data/training_data/cropped/00094_wm_crop.jpg 0.22472671151850043 0.7551270400165124 0.46083782262961154 0.8179819782881174
data/training_data/cropped/00095_wm_crop.jpg 0.14912929944981507 0.9160184776003168 0.3462942479034234 0.9682478590436158
data/training_data/cropped/00096_wm_crop.jpg 0.12156529472219496 0.7211563906174561 0.3305816881648179 0.7765935490874015
data/training_data/cropped/00097_wm_crop.jpg 0.04460113556625634 0.9037596643189386 0.26070283048151055 0.9611325456748708
data/training_data/cropped/00098_wm_crop.jpg 0.2032733924270982 0.8369044009033353 0.43095196385566964 0.8974401151890496
data/training_data/cropped/00099_wm_crop.jpg 0.0700273563130434 0.9374872828548205 0.2400273563130434 0.9824872828548206
data/training_data/cropped/00100_wm_crop.jpg 0.13072247010399482 0.7551262980519451 0.33973886354661775 0.8105634565218904
data/training_data/cropped/00101_wm_crop.jpg 0.022454518274358733 0.9393963213907877 0.20095451827435876 0.9867079880574544
data/training_data/cropped/00102_wm_crop.jpg 0.13421051251962865 0.8062472429062155 0.3142952582823405 0.8542451242621477
data/training_data/cropped/00103_wm_crop.jpg 0.0473650670168426 0.8984257496536788 0.275043638445414 0.9589465829870121
data/training_data/cropped/00104_wm_crop.jpg 0.02744541110508323 0.8461726365782251 0.23646180454770618 0.9016097950481704
data/training_data/cropped/00105_wm_crop.jpg 0.026591218808390552 0.8261540629916372 0.2249245521417239 0.8787290629916371
data/training_data/cropped/00106_wm_crop.jpg 0.0749460535382885 0.7223410314269978 0.23457046668382842 0.7651696699246504
data/training_data/cropped/00107_wm_crop.jpg 0.028910626822389845 0.8870743084794184 0.23022641629607407 0.94044272953205
data/training_data/cropped/00108_wm_crop.jpg 0.07698131694120856 0.9438885034888723 0.24698131694120856 0.9888885034888723
data/training_data/cropped/00109_wm_crop.jpg 0.041378002960275405 0.7591562107120349 0.23854295141388362 0.8113855921553338
data/training_data/cropped/00110_wm_crop.jpg 0.0077694424500738424 0.9243062032210787 0.2049343909036821 0.9765484712623159
data/training_data/cropped/00111_wm_crop.jpg 0.08477738663372647 0.8843278415414054 0.25477738663372645 0.9293278415414054
data/training_data/cropped/00112_wm_crop.jpg 0.015579432596074945 0.9006072735693254 0.22807943259607494 0.9568572735693254
data/training_data/cropped/00113_wm_crop.jpg 0.010238940257483991 0.8959698628959232 0.22496019461288466 0.9528252635927872
data/training_data/cropped/00114_wm_crop.jpg 0.011149410600196079 0.9106621161748384 0.21460685740870672 0.9645317970259021
data/training_data/cropped/00115_wm_crop.jpg 0.025183790119291786 0.8274337911860419 0.23768379011929178 0.8836837911860418
data/training_data/cropped/00116_wm_crop.jpg 0.038353413942065956 0.9065880407120048 0.25085341394206595 0.9628380407120049
data/training_data/cropped/00117_wm_crop.jpg 0.14287691046525255 0.7838866589898335 0.3449828887261221 0.8374396481202682
data/training_data/cropped/00118_wm_crop.jpg 0.014414223987277375 0.9011656915508615 0.23519344476649814 0.9597278436844421
data/training_data/cropped/00119_wm_crop.jpg 0.03751673860714863 0.7521761008674787 0.2925167386071486 0.8197636008674789
data/training_data/cropped/00120_wm_crop.jpg 0.061219718204406005 0.9320766468270367 0.22742083552284176 0.9761967585588802
data/training_data/cropped/00121_wm_crop.jpg 0.08073419220012526 0.8871554045772823 0.2788274125391083 0.9400155740688078
data/training_data/cropped/00122_wm_crop.jpg 0.009359945088110425 0.9172901896410188 0.215005106378433 0.9719215260465489
data/training_data/cropped/00123_wm_crop.jpg 0.01676298066842587 0.925490939518996 0.21116361158325236 0.9771313180678919
data/training_data/cropped/00124_wm_crop.jpg 0.05592883592397686 0.8623365535089024 0.25957466925731015 0.9164823868422355
data/training_data/cropped/00125_wm_crop.jpg 0.14603598189751665 0.8443999416974934 0.3452547318975167 0.8971864000308267
data/training_data/cropped/00126_wm_crop.jpg 0.01921773133150936 0.9029855845008767 0.21731095167049239 0.9558457539924022
data/training_data/cropped/00127_wm_crop.jpg 0.01257514549484908 0.8854635307443804 0.22901033068003426 0.9428639937073433
data/training_data/cropped/00128_wm_crop.jpg 0.035626842714028176 0.9178096943741004 0.22040945140968035 0.9669096943741003
data/training_data/cropped/00129_wm_crop.jpg 0.053096167106351864 0.7887569766809833 0.289207278217463 0.8512569766809833
data/training_data/cropped/00130_wm_crop.jpg 0.04030197355791817 0.812709699896539 0.2467305449864896 0.8675275570393962
data/training_data/cropped/00131_wm_crop.jpg 0.1915185943382688 0.8824414731732326 0.4319383023674659 0.9461823490856416
data/training_data/cropped/00132_wm_crop.jpg 0.2844038826783327 0.7449541293430609 0.4799038826783327 0.7968341293430607
data/training_data/cropped/00133_wm_crop.jpg 0.11858356822095047 0.8188982039263256 0.3375229621603444 0.8769929008960226
data/training_data/cropped/00134_wm_crop.jpg 0.008275560792141364 0.9136528828086745 0.21015056079214137 0.9671528828086745
data/training_data/cropped/00135_wm_crop.jpg 0.28058423781595704 0.9169981086730891 0.5166953489270681 0.9794981086730891
data/training_data/cropped/00136_wm_crop.jpg 0.08901119570050137 0.9294751951808182 0.27992916445050137 0.9800220701808182
data/training_data/cropped/00137_wm_crop.jpg 0.04629606451075848 0.8344988575453374 0.22597086125872595 0.882076093317695
data/training_data/cropped/00138_wm_crop.jpg 0.03888117288890054 0.7197813580413209 0.24581001184021142 0.77471581497016
data/training_data/cropped/00139_wm_crop.jpg 0.13742775268338225 0.9081599004334384 0.3499277526833822 0.9644099004334384
data/training_data/cropped/00140_wm_crop.jpg 0.3050617634342945 0.7040122009570915 0.5331691080670629 0.7646266077367525
data/training_data/cropped/00141_wm_crop.jpg 0.15846499132253927 0.8781105538776182 0.35407168588320875 0.9300823111997938
data/training_data/cropped/00142_wm_crop.jpg 0.012145896580563842 0.9182893065387884 0.2102391169195469 0.9708952387421783
data/training_data/cropped/00143_wm_crop.jpg 0.10558019268802005 0.905829668604517 0.3059373355451629 0.9590189543188027
data/training_data/cropped/00144_wm_crop.jpg 0.041968318333560455 0.8717882536460086 0.24006153867254348 0.9246484231375343
data/training_data/cropped/00145_wm_crop.jpg 0.18243166556297563 0.8676307939790653 0.378763187302106 0.9196858211529784
data/training_data/cropped/00146_wm_crop.jpg 0.05834323184360682 0.8519850298645224 0.2708432318436068 0.9082350298645224
data/training_data/cropped/00147_wm_crop.jpg 0.02570830495808866 0.8572042582044945 0.19570830495808866 0.9022042582044946
data/training_data/cropped/00148_wm_crop.jpg 0.09121233621722163 0.8051923899589717 0.2532886074036623 0.8483279831793107
data/training_data/cropped/00149_wm_crop.jpg 0.1084383297820204 0.7874471101042217 0.32454002469727466 0.8450212626465945
data/training_data/cropped/00150_wm_crop.jpg 0.22973957144464216 0.8287315157818739 0.45994790477797554 0.8897454046707626
data/training_data/cropped/00151_wm_crop.jpg 0.05868105317685324 0.9110102407399253 0.24689533889113896 0.9609209550256396
data/training_data/cropped/00152_wm_crop.jpg 0.1847135411250195 0.7326889414795857 0.37171354112501953 0.7821989414795858
data/training_data/cropped/00153_wm_crop.jpg 0.05847972528358748 0.8148856539395646 0.25657294562257055 0.8673644674988866
data/training_data/cropped/00154_wm_crop.jpg 0.04861317586372456 0.9135626416643479 0.21137913331053307 0.9568711523026457
data/training_data/cropped/00155_wm_crop.jpg 0.1685999873388272 0.9186232724561375 0.40271015683035266 0.9809008148290188
data/training_data/cropped/00156_wm_crop.jpg 0.027215256349441413 0.884105813833381 0.233664167572222 0.9389508724598469
data/training_data/cropped/00157_wm_crop.jpg 0.14909959058623437 0.9312077368899527 0.3526924049574919 0.9853544434767789
data/training_data/cropped/00158_wm_crop.jpg 0.05736604619020827 0.9385619005746689 0.22736604619020828 0.983561900574669
data/training_data/cropped/00159_wm_crop.jpg 0.018015823659601374 0.9025177619090972 0.18662725889880794 0.9472085437060633
data/training_data/cropped/00160_wm_crop.jpg 0.04445467682152609 0.873795691687716 0.2563405149718151 0.9299066020923402
data/training_data/cropped/00161_wm_crop.jpg 0.05229165376331814 0.9285397760178833 0.23707426245897031 0.9776430368874485
data/training_data/cropped/00162_wm_crop.jpg 0.018752035624709944 0.719530287589534 0.22776842906733288 0.7750162360672858
data/training_data/cropped/00163_wm_crop.jpg 0.1444775167191217 0.9298485226350836 0.3468584691000741 0.9835752307096178
data/training_data/cropped/00164_wm_crop.jpg 0.012223517067550302 0.8340042578735957 0.18989128384422796 0.8810587133191403
data/training_data/cropped/00165_wm_crop.jpg 0.21141568970860514 0.9256455528413581 0.3797775740769135 0.970329707016947
data/training_data/cropped/00166_wm_crop.jpg 0.020674182768498632 0.8782335334921628 0.23166709056991705 0.9341289235630847
data/training_data/cropped/00167_wm_crop.jpg 0.038090745125259 0.8437145858429937 0.25059074512525903 0.8999645858429938
data/training_data/cropped/00168_wm_crop.jpg 0.11952701362400012 0.8331051491546988 0.33562870853925436 0.8904356576292752
data/training_data/cropped/00169_wm_crop.jpg 0.12265297305583275 0.9240338304271376 0.32169894009833055 0.9768048625173371
data/training_data/cropped/00170_wm_crop.jpg 0.016470935671774038 0.9017299342869121 0.22647093567177404 0.9574064048751474
data/training_data/cropped/00171_wm_crop.jpg 0.053024159250586844 0.9081986962442062 0.22172644932692273 0.9528933527327559
data/training_data/cropped/00172_wm_crop.jpg 0.011042586982999404 0.9052922183315142 0.2227125088579994 0.9613469058315143
data/training_data/cropped/00173_wm_crop.jpg 0.03033452822530195 0.773104520633387 0.23664520783695242 0.8277586468469793
data/training_data/cropped/00174_wm_crop.jpg 0.08013077193316957 0.8887602938674459 0.2917490291945804 0.9448754390956617
data/training_data/cropped/00175_wm_crop.jpg 0.025570470875985962 0.8592277089795198 0.23727159869553482 0.9152991375509485
data/training_data/cropped/00176_wm_crop.jpg 0.17534165909419153 0.9217737343395317 0.34534165909419157 0.9667737343395317
data/training_data/cropped/00177_wm_crop.jpg 0.09787800435030779 0.9159333979442352 0.313979699265562 0.9734545843849132
data/training_data/cropped/00178_wm_crop.jpg 0.03630284476144863 0.8831660782029385 0.22722081351144863 0.9337105117966886
data/training_data/cropped/00179_wm_crop.jpg 0.006621361270277318 0.8555616107521341 0.22395090672482276 0.9132604743884978
data/training_data/cropped/00180_wm_crop.jpg 0.20420878518516175 0.8900174821658565 0.4076662319936724 0.9438871630169202
data/training_data/cropped/00181_wm_crop.jpg 0.05469945260830708 0.837081953909343 0.22469945260830707 0.882081953909343
data/training_data/cropped/00182_wm_crop.jpg 0.06217346964252091 0.8103406677504867 0.26404846964252093 0.8638406677504868
data/training_data/cropped/00183_wm_crop.jpg 0.05887948762720991 0.8449974463352317 0.2713794876272099 0.9012474463352317
data/training_data/cropped/00184_wm_crop.jpg 0.06579879503336289 0.9157540413564386 0.2357987950333629 0.9607540413564386
data/training_data/cropped/00185_wm_crop.jpg 0.026289606850257007 0.9117299759216371 0.23560438201085657 0.967227834594014
data/training_data/cropped/00186_wm_crop.jpg 0.05993043813739914 0.8311870253020827 0.2502289456000857 0.8817947012082661
data/training_data/cropped/00187_wm_crop.jpg 0.08441710339137139 0.8220262787013137 0.2799171033913714 0.8738662787013136
data/training_data/cropped/00188_wm_crop.jpg 0.09394705333656671 0.9052061669036 0.28986903915216955 0.9571387910170751
data/training_data/cropped/00189_wm_crop.jpg 0.008449907325417633 0.867441555526963 0.21032490732541764 0.9209290555269629
data/training_data/cropped/00190_wm_crop.jpg 0.10306643564133729 0.8992545421201942 0.31208282908396023 0.9546917005901394
data/training_data/cropped/00191_wm_crop.jpg 0.05700806383285136 0.888798532336528 0.2551012841718344 0.9416587018280534
data/training_data/cropped/00192_wm_crop.jpg 0.020061079035490804 0.8407886741229251 0.1860767040354908 0.8848511741229252
data/training_data/cropped/00193_wm_crop.jpg 0.006414377424499108 0.8942834142774265 0.21242874008159068 0.9488704878860441
data/training_data/cropped/00194_wm_crop.jpg 0.012294276424491256 0.90872121481977 0.20386355856138608 0.9596352381920572
data/training_data/cropped/00195_wm_crop.jpg 0.02066610989455619 0.9039716214643476 0.23768738649030086 0.9615673661451986
data/training_data/cropped/00196_wm_crop.jpg 0.13031815855836215 0.7908034186935948 0.3428181585583622 0.8473034186935949
data/training_data/cropped/00197_wm_crop.jpg 0.1901926399414994 0.7550605748086944 0.37104370377128665 0.803018021617205
data/training_data/cropped/00198_wm_crop.jpg 0.012687351591074137 0.9294818599349195 0.22518735159107414 0.9857318599349195
data/training_data/cropped/00199_wm_crop.jpg 0.07137926235714495 0.8333569918586591 0.30749037346825603 0.8958569918586591
data/training_data/cropped/00200_wm_crop.jpg 0.06354677693131557 0.8408750241048444 0.2760467769313156 0.8971250241048443
