data/training_data/locate_dataset/00001_wm_crop.jpg 0.058850493653032444 0.11181593794076168 0.25666431593794076 0.16424541607898455
data/training_data/locate_dataset/00002_wm_crop.jpg 0.058687943262411356 0.1115070921985816 0.24958628841607566 0.16229314420803778
data/training_data/locate_dataset/00003_wm_crop.jpg 0.05878787878787879 0.11169696969696974 0.2584090909090909 0.16454545454545458
data/training_data/locate_dataset/00004_wm_crop.jpg 0.0625916870415648 0.11892420537897307 0.27041564792176037 0.17408312958435204
data/training_data/locate_dataset/00005_wm_crop.jpg 0.05775 0.1097249999999999 0.25325 0.1615
data/training_data/locate_dataset/00006_wm_crop.jpg 0.05677966101694915 0.1078813559322033 0.2458686440677966 0.15805084745762718
data/training_data/locate_dataset/00007_wm_crop.jpg 0.07446808510638298 0.1414893617021276 0.32313829787234044 0.2074468085106383
data/training_data/locate_dataset/00008_wm_crop.jpg 0.05697969543147209 0.10826142131979688 0.24035532994923858 0.15710659898477153
data/training_data/locate_dataset/00009_wm_crop.jpg 0.0511758691206544 0.09723415132924339 0.225 0.14325153374233132
data/training_data/locate_dataset/00010_wm_crop.jpg 0.058185840707964606 0.1105530973451328 0.24623893805309732 0.16061946902654864
data/training_data/locate_dataset/00011_wm_crop.jpg 0.05625 0.106875 0.24325 0.1565
data/training_data/locate_dataset/00012_wm_crop.jpg 0.050200534759358297 0.09538101604278079 0.22065508021390376 0.14050802139037435
data/training_data/locate_dataset/00013_wm_crop.jpg 0.050043859649122814 0.09508333333333331 0.21407894736842106 0.13868421052631572
data/training_data/locate_dataset/00014_wm_crop.jpg 0.05625 0.106875 0.24446428571428572 0.15678571428571428
data/training_data/locate_dataset/00015_wm_crop.jpg 0.0625 0.11875 0.275 0.175
data/training_data/locate_dataset/00016_wm_crop.jpg 0.061810661764705885 0.11744025735294127 0.2649356617647059 0.1714154411764706
data/training_data/locate_dataset/00017_wm_crop.jpg 0.057846715328467156 0.10990875912408762 0.243978102189781 0.15948905109489048
data/training_data/locate_dataset/00018_wm_crop.jpg 0.06033568904593639 0.11463780918727913 0.26307420494699646 0.16837455830388684
data/training_data/locate_dataset/00019_wm_crop.jpg 0.058050000000000004 0.11029500000000007 0.25355 0.1620999999999999
data/training_data/locate_dataset/00020_wm_crop.jpg 0.05742857142857143 0.1091142857142857 0.2517142857142857 0.16057142857142853
data/training_data/locate_dataset/00021_wm_crop.jpg 0.05880281690140845 0.11172535211267612 0.25035211267605634 0.16267605633802817
data/training_data/locate_dataset/00022_wm_crop.jpg 0.06864406779661017 0.1304237288135592 0.2847457627118644 0.18813559322033888
data/training_data/locate_dataset/00023_wm_crop.jpg 0.06365740740740741 0.12094907407407407 0.2761574074074074 0.17731481481481481
data/training_data/locate_dataset/00024_wm_crop.jpg 0.05612500000000001 0.10663749999999993 0.24029166666666668 0.15558333333333338
data/training_data/locate_dataset/00025_wm_crop.jpg 0.055665024630541876 0.10576354679802955 0.2440886699507389 0.15566502463054185
data/training_data/locate_dataset/00026_wm_crop.jpg 0.075 0.1425 0.33 0.21
data/training_data/locate_dataset/00027_wm_crop.jpg 0.06327586206896552 0.12022413793103451 0.26844827586206893 0.1748275862068965
data/training_data/locate_dataset/00028_wm_crop.jpg 0.056218750000000005 0.10681562499999998 0.24215625 0.15618750000000006
data/training_data/locate_dataset/00029_wm_crop.jpg 0.062466032608695654 0.11868546195652169 0.27034646739130436 0.17384510869565223
data/training_data/locate_dataset/00030_wm_crop.jpg 0.06213680387409201 0.11805992736077472 0.27309322033898303 0.17391041162227613
data/training_data/locate_dataset/00031_wm_crop.jpg 0.05679166666666667 0.10790416666666677 0.24804166666666666 0.1585833333333333
data/training_data/locate_dataset/00032_wm_crop.jpg 0.07387218045112783 0.1403571428571428 0.31353383458646616 0.2041353383458647
data/training_data/locate_dataset/00033_wm_crop.jpg 0.05825842696629214 0.11069101123595516 0.2492696629213483 0.16146067415730342
data/training_data/locate_dataset/00034_wm_crop.jpg 0.056746031746031746 0.10781746031746038 0.24226190476190476 0.15714285714285722
data/training_data/locate_dataset/00035_wm_crop.jpg 0.05 0.09499999999999996 0.21346153846153845 0.13846153846153847
data/training_data/locate_dataset/00036_wm_crop.jpg 0.050156412930135556 0.09529718456725754 0.21856100104275286 0.13993743482794582
data/training_data/locate_dataset/00037_wm_crop.jpg 0.07355371900826446 0.1397520661157024 0.3194214876033058 0.2049586776859504
data/training_data/locate_dataset/00038_wm_crop.jpg 0.053691983122362875 0.1020147679324895 0.2330168776371308 0.1495780590717299
data/training_data/locate_dataset/00039_wm_crop.jpg 0.061553627760252375 0.11695189274447955 0.2693611987381704 0.17200315457413243
data/training_data/locate_dataset/00040_wm_crop.jpg 0.06341666666666666 0.12049166666666679 0.27875 0.1775
data/training_data/locate_dataset/00041_wm_crop.jpg 0.06262295081967213 0.11898360655737712 0.2716393442622951 0.1744262295081967
data/training_data/locate_dataset/00042_wm_crop.jpg 0.05625 0.106875 0.24446428571428572 0.15678571428571428
data/training_data/locate_dataset/00043_wm_crop.jpg 0.0625 0.11875 0.275 0.175
data/training_data/locate_dataset/00044_wm_crop.jpg 0.05335538752362949 0.10137523629489613 0.2301039697542533 0.14829867674858233
data/training_data/locate_dataset/00045_wm_crop.jpg 0.0625 0.11875 0.275 0.175
data/training_data/locate_dataset/00046_wm_crop.jpg 0.06 0.11399999999999996 0.261875 0.1675
data/training_data/locate_dataset/00047_wm_crop.jpg 0.0625 0.11875 0.275 0.175
data/training_data/locate_dataset/00048_wm_crop.jpg 0.05625 0.10687500000000011 0.23633474576271185 0.15487288135593225
data/training_data/locate_dataset/00049_wm_crop.jpg 0.059375 0.1128125 0.26125 0.16625
data/training_data/locate_dataset/00050_wm_crop.jpg 0.06208333333333333 0.11795833333333329 0.2675 0.1725
data/training_data/locate_dataset/00051_wm_crop.jpg 0.06251563151313047 0.11877969987494784 0.2733326385994164 0.17463526469362226
data/training_data/locate_dataset/00052_wm_crop.jpg 0.05877378435517971 0.11167019027484154 0.25644820295983084 0.1640591966173362
data/training_data/locate_dataset/00053_wm_crop.jpg 0.0625586854460094 0.11886150234741782 0.2720657276995305 0.174413145539906
data/training_data/locate_dataset/00054_wm_crop.jpg 0.06609263657957246 0.12557600950118752 0.2881828978622328 0.18444180522565315
data/training_data/locate_dataset/00055_wm_crop.jpg 0.06226287262872629 0.11829945799458003 0.269579945799458 0.1733062330623306
data/training_data/locate_dataset/00056_wm_crop.jpg 0.05380000000000001 0.10222000000000003 0.2323 0.1495999999999999
data/training_data/locate_dataset/00057_wm_crop.jpg 0.06071428571428572 0.11535714285714274 0.2599330357142857 0.16830357142857139
data/training_data/locate_dataset/00058_wm_crop.jpg 0.051704545454545454 0.09823863636363642 0.2255681818181818 0.14431818181818182
data/training_data/locate_dataset/00059_wm_crop.jpg 0.06944444444444445 0.13194444444444445 0.3055555555555556 0.19444444444444445
data/training_data/locate_dataset/00060_wm_crop.jpg 0.05625 0.10687500000000004 0.2431712962962963 0.15648148148148153
data/training_data/locate_dataset/00061_wm_crop.jpg 0.0625 0.11875 0.275 0.175
data/training_data/locate_dataset/00062_wm_crop.jpg 0.05 0.09500000000000007 0.21207627118644068 0.13813559322033897
data/training_data/locate_dataset/00063_wm_crop.jpg 0.06944444444444445 0.13194444444444445 0.3055555555555556 0.19444444444444445
data/training_data/locate_dataset/00064_wm_crop.jpg 0.05998475609756098 0.11397103658536584 0.2608231707317073 0.16722560975609763
data/training_data/locate_dataset/00065_wm_crop.jpg 0.05 0.09499999999999993 0.216015625 0.1390625
data/training_data/locate_dataset/00066_wm_crop.jpg 0.0625 0.1187499999999999 0.2605932203389831 0.1716101694915254
data/training_data/locate_dataset/00067_wm_crop.jpg 0.06627777777777778 0.1259277777777778 0.28350000000000003 0.18366666666666662
data/training_data/locate_dataset/00068_wm_crop.jpg 0.061375000000000006 0.11661249999999995 0.26679166666666665 0.17108333333333328
data/training_data/locate_dataset/00069_wm_crop.jpg 0.0625 0.1187499999999999 0.2605932203389831 0.1716101694915254
data/training_data/locate_dataset/00070_wm_crop.jpg 0.06238317757009346 0.11852803738317762 0.2689252336448598 0.1733644859813084
data/training_data/locate_dataset/00071_wm_crop.jpg 0.058333333333333334 0.11083333333333334 0.25351851851851853 0.1625925925925926
data/training_data/locate_dataset/00072_wm_crop.jpg 0.05 0.095 0.22 0.14
data/training_data/locate_dataset/00073_wm_crop.jpg 0.0704449152542373 0.13384533898305076 0.3045550847457627 0.19597457627118645
data/training_data/locate_dataset/00074_wm_crop.jpg 0.06280000000000001 0.11931999999999994 0.26680000000000004 0.17359999999999992
data/training_data/locate_dataset/00075_wm_crop.jpg 0.06810000000000001 0.1293900000000001 0.29760000000000003 0.19020000000000004
data/training_data/locate_dataset/00076_wm_crop.jpg 0.0625 0.11875 0.275 0.175
data/training_data/locate_dataset/00077_wm_crop.jpg 0.062037037037037036 0.11787037037037038 0.27296296296296296 0.1737037037037037
data/training_data/locate_dataset/00078_wm_crop.jpg 0.05 0.09500000000000006 0.2180232558139535 0.13953488372093023
data/training_data/locate_dataset/00079_wm_crop.jpg 0.05 0.095 0.22 0.14
data/training_data/locate_dataset/00080_wm_crop.jpg 0.06 0.11399999999999993 0.26035714285714284 0.16714285714285715
data/training_data/locate_dataset/00081_wm_crop.jpg 0.0625 0.11875 0.275 0.175
data/training_data/locate_dataset/00082_wm_crop.jpg 0.069375 0.1318125000000002 0.301796875 0.19343749999999993
data/training_data/locate_dataset/00083_wm_crop.jpg 0.06942934782608697 0.1319157608695651 0.30040760869565214 0.1932065217391305
data/training_data/locate_dataset/00084_wm_crop.jpg 0.0625 0.11875 0.275 0.175
data/training_data/locate_dataset/00085_wm_crop.jpg 0.0555921052631579 0.10562500000000004 0.2419956140350877 0.1550438596491228
data/training_data/locate_dataset/00086_wm_crop.jpg 0.0625 0.1187499999999999 0.2605932203389831 0.1716101694915254
data/training_data/locate_dataset/00087_wm_crop.jpg 0.0625263157894737 0.11879999999999989 0.26831578947368423 0.17347368421052628
data/training_data/locate_dataset/00088_wm_crop.jpg 0.06307439824945296 0.1198413566739607 0.27696936542669587 0.17647702407002183
data/training_data/locate_dataset/00089_wm_crop.jpg 0.06256830601092897 0.118879781420765 0.2715846994535519 0.17431693989071043
data/training_data/locate_dataset/00090_wm_crop.jpg 0.06256830601092897 0.118879781420765 0.2715846994535519 0.17431693989071043
data/training_data/locate_dataset/00091_wm_crop.jpg 0.058333333333333334 0.11083333333333334 0.25666666666666665 0.16333333333333333
data/training_data/locate_dataset/00092_wm_crop.jpg 0.06256830601092897 0.118879781420765 0.2715846994535519 0.17431693989071043
data/training_data/locate_dataset/00093_wm_crop.jpg 0.06964285714285715 0.1323214285714285 0.29732142857142857 0.1928571428571429
data/training_data/locate_dataset/00094_wm_crop.jpg 0.07299382716049384 0.13868827160493827 0.30910493827160496 0.20154320987654326
data/training_data/locate_dataset/00095_wm_crop.jpg 0.05837628865979382 0.11091494845360832 0.2555412371134021 0.16314432989690725
data/training_data/locate_dataset/00096_wm_crop.jpg 0.06256830601092897 0.118879781420765 0.2715846994535519 0.17431693989071043
data/training_data/locate_dataset/00097_wm_crop.jpg 0.06525423728813559 0.12398305084745759 0.28135593220338984 0.1813559322033898
data/training_data/locate_dataset/00098_wm_crop.jpg 0.06964285714285715 0.1323214285714285 0.29732142857142857 0.1928571428571429
data/training_data/locate_dataset/00099_wm_crop.jpg 0.05 0.095 0.22 0.14
data/training_data/locate_dataset/00100_wm_crop.jpg 0.06256830601092897 0.118879781420765 0.2715846994535519 0.17431693989071043
data/training_data/locate_dataset/00101_wm_crop.jpg 0.05311666666666667 0.10092166666666662 0.23161666666666667 0.14823333333333327
data/training_data/locate_dataset/00102_wm_crop.jpg 0.05625 0.10687500000000011 0.23633474576271185 0.15487288135593225
data/training_data/locate_dataset/00103_wm_crop.jpg 0.06949404761904762 0.1320386904761905 0.29717261904761905 0.19255952380952376
data/training_data/locate_dataset/00104_wm_crop.jpg 0.06256830601092897 0.118879781420765 0.2715846994535519 0.17431693989071043
data/training_data/locate_dataset/00105_wm_crop.jpg 0.059083333333333335 0.11225833333333336 0.2574166666666666 0.1648333333333333
data/training_data/locate_dataset/00106_wm_crop.jpg 0.05269953051643193 0.1001291079812206 0.21232394366197183 0.1429577464788732
data/training_data/locate_dataset/00107_wm_crop.jpg 0.060000000000000005 0.11399999999999998 0.2613157894736842 0.16736842105263164
data/training_data/locate_dataset/00108_wm_crop.jpg 0.05 0.095 0.22 0.14
data/training_data/locate_dataset/00109_wm_crop.jpg 0.05837628865979382 0.11091494845360832 0.2555412371134021 0.16314432989690725
data/training_data/locate_dataset/00110_wm_crop.jpg 0.058505154639175265 0.11115979381443297 0.2556701030927835 0.16340206185567005
data/training_data/locate_dataset/00111_wm_crop.jpg 0.05 0.095 0.22 0.14
data/training_data/locate_dataset/00112_wm_crop.jpg 0.0625 0.11875 0.275 0.175
data/training_data/locate_dataset/00113_wm_crop.jpg 0.06332752613240418 0.12032229965156804 0.27804878048780485 0.17717770034843214
data/training_data/locate_dataset/00114_wm_crop.jpg 0.059973404255319156 0.11394946808510646 0.26343085106382974 0.16781914893617017
data/training_data/locate_dataset/00115_wm_crop.jpg 0.0625 0.11875 0.275 0.175
data/training_data/locate_dataset/00116_wm_crop.jpg 0.0625 0.11875 0.275 0.175
data/training_data/locate_dataset/00117_wm_crop.jpg 0.05998641304347827 0.11397418478260868 0.26209239130434786 0.16752717391304342
data/training_data/locate_dataset/00118_wm_crop.jpg 0.06614100185528757 0.12566790352504642 0.28692022263450834 0.184230055658627
data/training_data/locate_dataset/00119_wm_crop.jpg 0.075875 0.14416249999999992 0.330875 0.2117500000000001
data/training_data/locate_dataset/00120_wm_crop.jpg 0.05013966480446927 0.09526536312849167 0.21634078212290503 0.13938547486033515
data/training_data/locate_dataset/00121_wm_crop.jpg 0.0625 0.1187499999999999 0.2605932203389831 0.1716101694915254
data/training_data/locate_dataset/00122_wm_crop.jpg 0.06244239631336406 0.11864055299539172 0.26808755760368663 0.17327188940092175
data/training_data/locate_dataset/00123_wm_crop.jpg 0.05899053627760252 0.11208201892744471 0.25339116719242905 0.16372239747634063
data/training_data/locate_dataset/00124_wm_crop.jpg 0.06229166666666667 0.11835416666666655 0.2659375 0.1724999999999999
data/training_data/locate_dataset/00125_wm_crop.jpg 0.05911458333333334 0.11231770833333332 0.25833333333333336 0.1651041666666666
data/training_data/locate_dataset/00126_wm_crop.jpg 0.0625 0.1187499999999999 0.2605932203389831 0.1716101694915254
data/training_data/locate_dataset/00127_wm_crop.jpg 0.06474537037037037 0.12301620370370377 0.28118055555555554 0.1804166666666666
data/training_data/locate_dataset/00128_wm_crop.jpg 0.05621739130434783 0.1068130434782609 0.241 0.15591304347826082
data/training_data/locate_dataset/00129_wm_crop.jpg 0.06944444444444445 0.13194444444444445 0.3055555555555556 0.19444444444444445
data/training_data/locate_dataset/00130_wm_crop.jpg 0.062464285714285715 0.11868214285714283 0.26889285714285716 0.17350000000000007
data/training_data/locate_dataset/00131_wm_crop.jpg 0.0717153284671533 0.13625912408759117 0.3121350364963504 0.20000000000000004
data/training_data/locate_dataset/00132_wm_crop.jpg 0.058800000000000005 0.11172000000000003 0.2543 0.1635999999999999
data/training_data/locate_dataset/00133_wm_crop.jpg 0.06579545454545455 0.12501136363636373 0.2847348484848485 0.18310606060606063
data/training_data/locate_dataset/00134_wm_crop.jpg 0.06 0.11399999999999996 0.261875 0.1675
data/training_data/locate_dataset/00135_wm_crop.jpg 0.06944444444444445 0.13194444444444445 0.3055555555555556 0.19444444444444445
data/training_data/locate_dataset/00136_wm_crop.jpg 0.05625 0.10687500000000005 0.24716796875 0.15742187500000004
data/training_data/locate_dataset/00137_wm_crop.jpg 0.053008130081300814 0.10071544715447163 0.23268292682926828 0.14829268292682934
data/training_data/locate_dataset/00138_wm_crop.jpg 0.062453183520599254 0.1186610486891386 0.2693820224719101 0.17359550561797762
data/training_data/locate_dataset/00139_wm_crop.jpg 0.0625 0.11875 0.275 0.175
data/training_data/locate_dataset/00140_wm_crop.jpg 0.06942090395480227 0.13189971751412427 0.29752824858757065 0.19251412429378525
data/training_data/locate_dataset/00141_wm_crop.jpg 0.05946652719665272 0.11298640167364027 0.25507322175732217 0.16495815899581595
data/training_data/locate_dataset/00142_wm_crop.jpg 0.059957627118644066 0.11391949152542369 0.25805084745762713 0.1665254237288136
data/training_data/locate_dataset/00143_wm_crop.jpg 0.06046428571428572 0.11488214285714288 0.26082142857142854 0.16807142857142854
data/training_data/locate_dataset/00144_wm_crop.jpg 0.0625 0.1187499999999999 0.2605932203389831 0.1716101694915254
data/training_data/locate_dataset/00145_wm_crop.jpg 0.05859375 0.111328125 0.25492527173913043 0.16338315217391305
data/training_data/locate_dataset/00146_wm_crop.jpg 0.0625 0.11875 0.275 0.175
data/training_data/locate_dataset/00147_wm_crop.jpg 0.05 0.095 0.22 0.14
data/training_data/locate_dataset/00148_wm_crop.jpg 0.05 0.09500000000000007 0.21207627118644068 0.13813559322033897
data/training_data/locate_dataset/00149_wm_crop.jpg 0.06726694915254237 0.1278072033898306 0.2833686440677966 0.1853813559322034
data/training_data/locate_dataset/00150_wm_crop.jpg 0.06847222222222223 0.13009722222222234 0.29868055555555556 0.19111111111111098
data/training_data/locate_dataset/00151_wm_crop.jpg 0.05625 0.106875 0.24446428571428572 0.15678571428571428
data/training_data/locate_dataset/00152_wm_crop.jpg 0.0551 0.10469000000000006 0.24209999999999998 0.15420000000000006
data/training_data/locate_dataset/00153_wm_crop.jpg 0.058686440677966106 0.11150423728813558 0.25677966101694916 0.16398305084745757
data/training_data/locate_dataset/00154_wm_crop.jpg 0.050106382978723406 0.09520212765957448 0.2128723404255319 0.13851063829787238
data/training_data/locate_dataset/00155_wm_crop.jpg 0.07192796610169493 0.13666313559322033 0.3060381355932203 0.19894067796610165
data/training_data/locate_dataset/00156_wm_crop.jpg 0.06268844221105528 0.11910804020100496 0.2691373534338359 0.17395309882747073
data/training_data/locate_dataset/00157_wm_crop.jpg 0.06242514970059881 0.11860778443113776 0.2660179640718563 0.17275449101796403
data/training_data/locate_dataset/00158_wm_crop.jpg 0.05 0.095 0.22 0.14
data/training_data/locate_dataset/00159_wm_crop.jpg 0.050175029171528586 0.09533255542590437 0.21878646441073513 0.14002333722287047
data/training_data/locate_dataset/00160_wm_crop.jpg 0.06255419075144508 0.1188529624277457 0.2744400289017341 0.17496387283237
data/training_data/locate_dataset/00161_wm_crop.jpg 0.05625 0.10687500000000005 0.24103260869565218 0.1559782608695652
data/training_data/locate_dataset/00162_wm_crop.jpg 0.06305620608899297 0.11980679156908672 0.27207259953161594 0.17529274004683845
data/training_data/locate_dataset/00163_wm_crop.jpg 0.061076604554865424 0.11604554865424421 0.2634575569358178 0.16977225672877846
data/training_data/locate_dataset/00164_wm_crop.jpg 0.0525027502750275 0.09975522552255227 0.23017051705170516 0.14680968096809685
data/training_data/locate_dataset/00165_wm_crop.jpg 0.05069593147751606 0.09632226980728055 0.2190578158458244 0.14100642398286942
data/training_data/locate_dataset/00166_wm_crop.jpg 0.0625 0.11875000000000004 0.27349290780141844 0.17464539007092197
data/training_data/locate_dataset/00167_wm_crop.jpg 0.0625 0.11875 0.275 0.175
data/training_data/locate_dataset/00168_wm_crop.jpg 0.06483050847457628 0.12317796610169489 0.2809322033898305 0.18050847457627128
data/training_data/locate_dataset/00169_wm_crop.jpg 0.05936686903729402 0.11279705117085868 0.2584128360797918 0.16556808326105818
data/training_data/locate_dataset/00170_wm_crop.jpg 0.06264705882352942 0.11902941176470583 0.2726470588235294 0.17470588235294118
data/training_data/locate_dataset/00171_wm_crop.jpg 0.05 0.09500000000000003 0.21870229007633588 0.13969465648854962
data/training_data/locate_dataset/00172_wm_crop.jpg 0.0625 0.11874999999999991 0.274169921875 0.1748046875
data/training_data/locate_dataset/00173_wm_crop.jpg 0.061104368932038834 0.11609830097087374 0.2674150485436893 0.17075242718446607
data/training_data/locate_dataset/00174_wm_crop.jpg 0.06322614107883817 0.1201296680497926 0.27484439834024893 0.1762448132780084
data/training_data/locate_dataset/00175_wm_crop.jpg 0.06259398496240602 0.1189285714285714 0.2742951127819549 0.17500000000000004
data/training_data/locate_dataset/00176_wm_crop.jpg 0.05 0.095 0.22 0.14
data/training_data/locate_dataset/00177_wm_crop.jpg 0.06673728813559322 0.12680084745762718 0.2828389830508475 0.1843220338983051
data/training_data/locate_dataset/00178_wm_crop.jpg 0.0562255859375 0.10682861328124993 0.2471435546875 0.1573730468750001
data/training_data/locate_dataset/00179_wm_crop.jpg 0.065625 0.12468749999999997 0.28295454545454546 0.1823863636363636
data/training_data/locate_dataset/00180_wm_crop.jpg 0.059973404255319156 0.11394946808510646 0.26343085106382974 0.16781914893617017
data/training_data/locate_dataset/00181_wm_crop.jpg 0.05 0.095 0.22 0.14
data/training_data/locate_dataset/00182_wm_crop.jpg 0.06 0.11399999999999996 0.261875 0.1675
data/training_data/locate_dataset/00183_wm_crop.jpg 0.0625 0.11875 0.275 0.175
data/training_data/locate_dataset/00184_wm_crop.jpg 0.05 0.095 0.22 0.14
data/training_data/locate_dataset/00185_wm_crop.jpg 0.06247323340471092 0.11869914346895076 0.2717880085653105 0.17419700214132766
data/training_data/locate_dataset/00186_wm_crop.jpg 0.058315565031982944 0.11079957356076765 0.2486140724946695 0.16140724946695093
data/training_data/locate_dataset/00187_wm_crop.jpg 0.05840000000000001 0.11096000000000003 0.2539 0.16279999999999994
data/training_data/locate_dataset/00188_wm_crop.jpg 0.058333333333333334 0.11083333333333331 0.2542553191489362 0.16276595744680844
data/training_data/locate_dataset/00189_wm_crop.jpg 0.059875000000000005 0.11376249999999999 0.26175 0.16724999999999995
data/training_data/locate_dataset/00190_wm_crop.jpg 0.06256830601092897 0.118879781420765 0.2715846994535519 0.17431693989071043
data/training_data/locate_dataset/00191_wm_crop.jpg 0.0625 0.1187499999999999 0.2605932203389831 0.1716101694915254
data/training_data/locate_dataset/00192_wm_crop.jpg 0.05 0.09499999999999993 0.216015625 0.1390625
data/training_data/locate_dataset/00193_wm_crop.jpg 0.06113105924596051 0.11614901256732504 0.26714542190305207 0.1707360861759426
data/training_data/locate_dataset/00194_wm_crop.jpg 0.0583889816360601 0.11093906510851417 0.2499582637729549 0.1618530884808014
data/training_data/locate_dataset/00195_wm_crop.jpg 0.06531914893617022 0.12410638297872349 0.28234042553191485 0.18170212765957441
data/training_data/locate_dataset/00196_wm_crop.jpg 0.065 0.12349999999999994 0.27749999999999997 0.18000000000000008
data/training_data/locate_dataset/00197_wm_crop.jpg 0.054042553191489366 0.10268085106382976 0.23489361702127662 0.15063829787234045
data/training_data/locate_dataset/00198_wm_crop.jpg 0.0625 0.11875 0.275 0.175
data/training_data/locate_dataset/00199_wm_crop.jpg 0.06944444444444445 0.13194444444444445 0.3055555555555556 0.19444444444444445
data/training_data/locate_dataset/00200_wm_crop.jpg 0.0625 0.11875 0.275 0.175
