0.19043304443359374 0.929169413248698 0.3717519378662109 0.9704872639973958
0.5510578918457031 0.6920201619466145 0.7498344421386719 0.7299082438151042
0.42970062255859376 0.7463882446289063 0.6427264404296875 0.7844523620605469
0.44358383178710936 0.7567839050292968 0.6294627380371094 0.7987811279296875
0.0927053451538086 0.8670444742838541 0.2975540924072266 0.9013719685872396
0.007507286071777344 0.8338841756184896 0.21295734405517577 0.8724775187174479
0.20415416717529297 0.8520064290364583 0.3888917541503906 0.8980674235026042
0.05342317581176758 0.8059663899739583 0.23447611490885417 0.8475459798177083
0.06356450398763021 0.8899588012695312 0.25998069763183596 0.9310349527994791
0.10436169942220053 0.9351642862955729 0.30028284708658853 0.9788462320963541
0.3321922810872396 0.9383298746744791 0.5325693766276042 0.98384033203125
0.006614561080932617 0.6190529886881511 0.21153751373291016 0.6578695678710937
0.14020008087158203 0.8645272827148438 0.3319875335693359 0.9049943033854166
0.2785698954264323 0.5996653238932291 0.4556779479980469 0.6417585245768229
0.038946943283081056 0.7455366516113281 0.22554466247558594 0.7895944213867188
0.05794188181559245 0.9360537719726563 0.2664275360107422 0.9757875569661458
0.026305427551269533 0.8796779378255208 0.22337384541829428 0.9231447347005208
0.1173608144124349 0.8652581787109375 0.31962651570638023 0.904775390625
0.003972129821777344 0.6158969116210937 0.18402843475341796 0.6612642415364584
0.363656005859375 0.8333381144205729 0.5653309631347656 0.8746042887369792
0.040167102813720705 0.7849528503417968 0.23944173177083333 0.8253428649902343
0.03655294418334961 0.8530404663085938 0.2443560282389323 0.8876718139648437
0.0701349131266276 0.6804104614257812 0.27213569641113283 0.7206002807617188
0.4619380187988281 0.8875753784179687 0.6275831095377604 0.933280029296875
0.025646467208862305 0.7978420003255209 0.2247138468424479 0.8353077189127605
0.026414098739624022 0.8329542032877604 0.19186904907226562 0.8679756673177084
0.25232081095377606 0.6845710754394532 0.4568273417154948 0.7163397216796875
0.08900624593098959 0.9463998413085938 0.2728392028808594 0.9919816080729167
0.18885475158691406 0.9297770182291667 0.3826288859049479 0.9701343790690105
0.12362316131591797 0.734552001953125 0.3154357147216797 0.7731105041503906
0.4748089090983073 0.8619325764973959 0.6855682373046875 0.9028055826822917
0.18622337341308592 0.6918932088216145 0.3784986368815104 0.7327528889973959
0.2706732432047526 0.9110868326822916 0.4762484741210937 0.9475868733723959
0.009410219192504883 0.8632020060221354 0.21152488708496095 0.8986152140299479
0.11321276346842447 0.6838889567057291 0.3229170227050781 0.7216199747721355
0.03072474479675293 0.7971388753255209 0.23305656433105468 0.833845723470052
0.4359840901692708 0.9013975016276041 0.6063805135091146 0.9420957438151042
0.33547510782877604 0.8286154174804687 0.5467234293619792 0.8680908203125
0.30450164794921875 0.8466908772786458 0.4908790588378906 0.8861121622721354
0.044186792373657226 0.939355977376302 0.24033625284830729 0.9815439860026042
0.03380217552185059 0.9187636311848958 0.2634107462565104 0.9569075520833333
0.012973527908325195 0.9175584920247396 0.1745186233520508 0.9659482828776041
0.15316365559895834 0.8792580159505209 0.33943517049153643 0.9203139241536459
0.21836171468098958 0.6832701110839844 0.4205840555826823 0.7209834289550782
0.056157430013020836 0.9315865071614583 0.259169921875 0.9665729777018229
0.25588623046875 0.9308976236979166 0.48538742065429685 0.9743336995442708
0.23073216756184897 0.9278485107421875 0.44919209798177084 0.969898681640625
0.025264892578125 0.8677995808919271 0.2323944091796875 0.903102518717448
0.5075606282552083 0.9096097819010417 0.7021022542317709 0.9508712768554688
0.08315101623535157 0.7512010192871094 0.2908415985107422 0.7830950927734375
0.22192955017089844 0.9496505737304688 0.4273204549153646 0.9970376586914063
0.030581655502319335 0.853087158203125 0.245208740234375 0.8888157145182292
0.2533339436848958 0.8889889526367187 0.4470891825358073 0.933173828125
0.11350505828857421 0.8729282633463542 0.2648015340169271 0.9226444498697917
0.11032722473144531 0.8778026326497396 0.31609837849934896 0.9193525187174479
0.06677389144897461 0.6842875162760417 0.27770327250162763 0.7217415364583334
0 0 0 0
0.05342899322509766 0.8813655598958333 0.2190660858154297 0.9260161336263021
0.04504258155822754 0.92474853515625 0.19769371032714844 0.97391845703125
0.02265115737915039 0.8597671508789062 0.21425015767415365 0.9020876057942708
0.36486862182617186 0.9218092854817709 0.5629292805989583 0.9702511596679687
0.02730794906616211 0.8205300903320313 0.2460223642985026 0.8561680094401042
0.012413120269775391 0.7688050842285157 0.20022785186767578 0.8064193725585938
0.15386615753173827 0.9322958374023438 0.3531117757161458 0.9774818929036458
0.07228374481201172 0.8799869791666667 0.2772869110107422 0.9196181233723958
0.013387174606323242 0.8836020914713542 0.20791858673095703 0.9229733276367188
0.2055075454711914 0.9179189046223958 0.3771586608886719 0.9626692708333333
0.08536924362182617 0.7976665242513021 0.26881457010904947 0.8360914103190105
0 0 0 0
0.27062754313151044 0.8545748901367187 0.47979237874348957 0.8912607828776041
0.027010774612426756 0.8272288004557292 0.2391259765625 0.8664036051432291
0.042232942581176755 0.8987563069661458 0.23233037312825522 0.9438634236653646
0.009731340408325195 0.741220703125 0.21751182556152343 0.7794013977050781
0.16808731079101563 0.9363817342122396 0.3422938537597656 0.9859676106770834
0 0 0 0
0.48619583129882815 0.6071132405598958 0.653912353515625 0.6483671569824219
0.02024616241455078 0.6589118957519531 0.18399698893229166 0.7040950012207031
0.0045350933074951175 0.8028107706705729 0.2040499496459961 0.8434269205729167
0.1873513412475586 0.7907614135742187 0.3771326700846354 0.8275129699707031
0.02225320816040039 0.9018288167317708 0.2366082255045573 0.9394073486328125
0.12470298767089844 0.883841044108073 0.28866663614908855 0.9293842569986979
0.19466800689697267 0.7926756286621094 0.3843355305989583 0.830882568359375
0.028232421875 0.9073293050130208 0.17082778930664064 0.9553272501627604
0.050198850631713865 0.7862468465169271 0.2557071940104167 0.8202961222330729
0.01909287452697754 0.6137781778971354 0.21757339477539062 0.6497648111979166
0.05762247085571289 0.9014797973632812 0.2598100789388021 0.9416464233398437
0.3170118713378906 0.9177718098958333 0.5231786092122396 0.9583180745442709
0.17865264892578125 0.4654533894856771 0.30955497741699217 0.5175069173177084
0.21153244018554687 0.9132822672526042 0.4209911092122396 0.9494639078776042
0 0 0 0
0.07680021286010742 0.9421298217773437 0.29517931620279947 0.9848612467447917
0.04998620986938476 0.9013531494140625 0.20479419708251953 0.94410888671875
0.40467330932617185 0.8720305379231771 0.6392710367838542 0.9173972574869792
0.12494511922200521 0.9497365315755208 0.36351844787597654 0.9859261067708334
0.21000736236572265 0.9235743204752604 0.41498977661132813 0.9625956217447916
0.05082921028137207 0.7818232727050781 0.2567720794677734 0.8184817504882812
0.28552935282389325 0.7098637390136718 0.515169677734375 0.75010498046875
0 0 0 0
0.3433378601074219 0.9379166666666666 0.63947998046875 0.9788382975260417
0.20033986409505208 0.5598609415690105 0.34284027099609377 0.6097063191731771
0.3353380330403646 0.9481297810872396 0.519352315266927 0.9868886311848958
0.1618824005126953 0.8819959513346354 0.31779139200846357 0.9287941487630208
0.45492655436197915 0.9449547322591146 0.6471223449707031 0.9899381510416667
0.014379940032958984 0.8306110636393229 0.2037671661376953 0.8684095255533855
0.18104831695556642 0.88915771484375 0.3762928771972656 0.9280301920572916
0.07577292124430339 0.8712106323242188 0.2679731241861979 0.9119973754882813
0.014497294425964355 0.6330964152018229 0.14942400614420573 0.6851160685221355
0.02540982246398926 0.7646067810058593 0.20175994873046876 0.80665283203125
0.41169896443684895 0.9079320271809895 0.6079386393229167 0.941631571451823
0.10119993209838868 0.7947512817382812 0.24653172810872395 0.8438558959960938
0.072749392191569 0.7484852091471355 0.26704315185546873 0.7905049641927083
0.08478673934936523 0.9411857096354167 0.29597859700520834 0.9779196166992188
0.11573965708414713 0.8073381042480469 0.3027068583170573 0.8472871398925781
0.027580127716064454 0.6923165893554688 0.23408724466959635 0.7301249694824219
0.015005102157592773 0.667593485514323 0.18603561401367188 0.7155324300130208
0.18578723907470704 0.9367799886067708 0.38918098449707034 0.9804899088541666
0.14860430399576824 0.9471356201171875 0.36249313354492185 0.9864003499348958
0.11345692952473958 0.9458876546223959 0.3217967224121094 0.9835726928710937
0.04320246696472168 0.8187491861979167 0.2245659637451172 0.8597359212239584
0.15725916544596355 0.7628944905598959 0.29136212666829425 0.8147687784830729
0.008366899490356445 0.7884950256347656 0.2199524434407552 0.8198558044433594
0.34582298278808593 0.8393101501464844 0.554122314453125 0.8789548746744792
0.011523103713989258 0.8670646158854166 0.21986958821614583 0.8985005696614583
0.20215797424316406 0.9476755777994792 0.43082687377929685 0.9843896484375
0.03407419204711914 0.8894493611653645 0.21530512491861978 0.9307005818684896
0.011322174072265625 0.7051237487792968 0.16089927673339843 0.7543727111816406
0.35141212463378907 0.587774149576823 0.4797216796875 0.6369951375325521
0.03556903839111328 0.7537351481119792 0.22283515930175782 0.7939029947916667
0.510353749593099 0.6679725138346354 0.6953193664550781 0.7079508463541667
0.10585584640502929 0.9358971150716145 0.3041679890950521 0.978346455891927
0.29143519083658853 0.9285973103841146 0.48770640055338543 0.9699870808919271
0.08874974568684896 0.9065604654947916 0.3224199676513672 0.9370053100585938
0.26267051696777344 0.9269260660807291 0.4116980743408203 0.9723185221354167
0.13645723978678384 0.7795796712239583 0.3166626739501953 0.824030049641927
0.26865687052408854 0.7391283162434896 0.4731859334309896 0.7788414510091146
0.3233324432373047 0.7876830037434895 0.5292286173502604 0.8276520792643229
0.009662408828735352 0.9247128295898438 0.1813761520385742 0.9629819742838541
0.12790262858072918 0.7159601847330729 0.32229377746582033 0.7527152506510416
0.048409833908081054 0.9504575602213542 0.28146217346191404 0.9828377278645833
0.0059144020080566405 0.9451003011067708 0.20478563944498698 0.9810901896158855
0.028056211471557617 0.9486715698242187 0.2269201151529948 0.9880801391601562
0.23309371948242188 0.8504445393880208 0.4438475036621094 0.888411153157552
0.02832200050354004 0.7874923706054687 0.2340404510498047 0.8289164733886719
0.16209406534830728 0.7103548177083333 0.2959218088785807 0.7617873128255208
0.0065794563293457035 0.8990768432617188 0.15215305328369141 0.949898681640625
0.04233858108520508 0.5334586079915364 0.2048754628499349 0.5720093790690104
0.3660112762451172 0.9048821004231771 0.5662628173828125 0.9458335367838542
0.03161232948303223 0.935740966796875 0.2307836405436198 0.9779336547851563
0.04151898384094238 0.7510417175292968 0.24610649108886717 0.7848248291015625
0.024210472106933594 0.9418756103515625 0.24493258158365885 0.9842350260416667
0.12460703531901042 0.8778310139973958 0.29701634724934894 0.9209850056966146
0.023771352767944336 0.9085086059570312 0.22347793579101563 0.9460232543945313
0.0751992670694987 0.7948577880859375 0.26342430114746096 0.8302455139160156
0.5205663045247396 0.8429905192057292 0.7266133117675782 0.8822408040364583
0.15555489857991536 0.7911144002278646 0.2962994893391927 0.8444408162434895
0.1033987299601237 0.6687217712402344 0.3089138031005859 0.7069630432128906
0.3494610087076823 0.8279795328776042 0.5591023763020834 0.8672623697916667
0.029310827255249024 0.944174296061198 0.20239620208740233 0.9832630411783854
0.061765836079915364 0.9032468668619792 0.2645225524902344 0.9432875569661459
0.08535718282063802 0.7397102864583334 0.28539835611979164 0.7765117390950521
0.11421297709147135 0.8503207397460938 0.32381385803222656 0.8972329711914062
0.16415107727050782 0.8761630249023438 0.37276234944661457 0.912491455078125
0.09188126881917318 0.7375712076822917 0.2911235555013021 0.7751671346028646
0.1486416498819987 0.8248958333333334 0.31671910603841147 0.8658143107096354
0.0724591064453125 0.9142683919270833 0.25931986490885417 0.9568389892578125
0.30193557739257815 0.8683174641927084 0.5338320922851563 0.9060673014322916
0.06385749816894531 0.8440467325846354 0.26527862548828124 0.8822890218098959
0.2603631337483724 0.7340971374511719 0.4163855743408203 0.7797950744628906
0.20474040985107422 0.7442972819010417 0.41434272766113284 0.7833893839518229
0.14251744588216145 0.7466156005859375 0.3413025665283203 0.7871298217773437
0.011856307983398437 0.8336383056640625 0.21021068572998047 0.8666090901692708
0.05583914438883464 0.6041044108072917 0.2338042195638021 0.6457981363932291
0.022300310134887695 0.7852986145019532 0.24990203857421875 0.8183895874023438
0.047071428298950196 0.8250081380208333 0.24453104654947916 0.8634754435221355
0.2422779083251953 0.8148629760742188 0.46209950764973956 0.8512098693847656
0.03611987113952637 0.8836158243815104 0.24250877380371094 0.9199540201822917
0.19652010599772135 0.9410880533854167 0.40380226135253905 0.9771106974283854
0.013457908630371093 0.8909293619791666 0.20786506652832032 0.9298562622070312
0.24636250813802082 0.87525634765625 0.4473530069986979 0.9074434407552083
0.08567306518554688 0.8900677490234375 0.29182200113932294 0.9261385091145833
0.04556406021118164 0.6144592793782552 0.24708572387695313 0.6499830627441406
0.08769943237304688 0.9319074503580729 0.32545069376627606 0.9723597208658854
0.32317771911621096 0.6229819742838542 0.549388427734375 0.6580097452799479
0.05268516540527344 0.9491151936848958 0.2620616404215495 0.9910713704427083
0.017007341384887697 0.9161159261067708 0.20347537994384765 0.9577200317382812
0.08067169189453124 0.9228680419921875 0.31936729431152344 0.9647385660807292
0.05245162963867187 0.7241786193847656 0.23727823893229166 0.7640640258789062
0.06977354049682617 0.7540362548828125 0.24014882405598958 0.7946047973632813
0.31113672892252603 0.9199687703450521 0.4938134256998698 0.9588691202799479
0.0934354019165039 0.7723555501302083 0.2188103739420573 0.8292859903971355
0.009343090057373047 0.8911721801757813 0.21429539998372396 0.9254374186197917
0.17518726348876953 0.9413801066080729 0.4068912506103516 0.9804920450846354
0.5299110921223958 0.9329927571614584 0.7772757975260417 0.9721302286783854
0.40903358459472655 0.6608278401692709 0.6077330017089844 0.7020011393229166
0.4475736490885417 0.6670381164550782 0.6351490275065104 0.7120121765136719
0.12344065348307291 0.929130859375 0.26158037821451824 0.9808040364583334
0.018901100158691408 0.9450162760416667 0.2397082010904948 0.9809009806315104
0.3476634216308594 0.8309215291341145 0.5338499959309896 0.8730100504557292
0.3112737019856771 0.9103995768229166 0.5269188944498698 0.9479811604817708
0.35641075134277345 0.7864012654622395 0.5723230997721355 0.8248836263020833
0.010524215698242188 0.8367466735839844 0.19730511983235677 0.8774359130859375
0.22607106526692708 0.831365966796875 0.45177088419596356 0.8673776245117187
0.05901938120524088 0.740879414876302 0.25470372517903644 0.7804380289713542
0.10738814036051432 0.916903076171875 0.2474592081705729 0.9676649983723958
0.21524078369140626 0.8531946818033854 0.40153757731119794 0.8939806111653645
0.08299005508422852 0.8923826090494792 0.2850415547688802 0.9275925699869791
0.2181220499674479 0.6367558288574219 0.35469100952148436 0.680836181640625
0.0949073600769043 0.6755265808105468 0.2847411092122396 0.716556396484375
0.2532299296061198 0.6698841349283854 0.4447820536295573 0.7130137125651042
0.19968353271484374 0.9330259195963542 0.44695963541666667 0.9723157755533854
0.11561349232991537 0.7746395874023437 0.30204193115234373 0.8150302124023437
0.12649871826171874 0.8950110880533854 0.29376210530598956 0.9410225423177083
0.30514305114746093 0.8962813313802084 0.4904964192708333 0.9368198649088542
0.0846337890625 0.8642427571614584 0.2654507446289063 0.9063775634765625
0.022678794860839843 0.846207275390625 0.18476053873697917 0.8915568033854167
0.04613258361816406 0.8828785196940104 0.22259437561035156 0.9240198771158854
0.23593249003092448 0.9442075602213542 0.4155000305175781 0.9850478108723958
0.047555980682373045 0.9124164835611979 0.2549083964029948 0.9541166178385416
0.2678714243570964 0.6914654541015625 0.47188303629557293 0.7308721923828125
0.12241137186686198 0.8682784016927083 0.3210372161865234 0.9047400919596355
0.31078811645507814 0.8293796793619792 0.5128013102213541 0.8706299845377604
0.01678413391113281 0.708150634765625 0.1991822052001953 0.7467282104492188
0.4143616231282552 0.9302109781901041 0.5963071695963542 0.9692634073893229
0.03920844078063965 0.7799005126953125 0.23210235595703124 0.8208940124511719
0.015744123458862305 0.9165828450520833 0.22868067423502605 0.9515388997395834
0.5979838053385417 0.9346435546875 0.7998636881510417 0.9717466227213541
0.026582460403442382 0.7934650675455729 0.21705998738606772 0.8267009480794271
0.0370675532023112 0.8703340657552083 0.1907524871826172 0.9237129720052083
0.28929847717285156 0.9514048258463542 0.5452161661783854 0.9909623209635416
0.12006688435872395 0.9425982666015625 0.29676483154296873 0.9807940673828125
0.19644416809082033 0.7788534545898438 0.3837406158447266 0.820645751953125
0.26408772786458334 0.9101734415690104 0.46911275227864585 0.9455600992838542
0.18904727935791016 0.8988913981119792 0.4068173980712891 0.9361235555013021
0.06734273274739583 0.9136224365234376 0.25569351196289064 0.9557539876302084
0.03302661895751953 0.7158048502604166 0.26537264506022135 0.7521324666341146
0.010570306777954102 0.6731339518229167 0.19895320892333984 0.7180611165364583
0.012504100799560547 0.6997983805338541 0.2034393056233724 0.7351450602213542
0 0 0 0
0.2877453104654948 0.8726139322916666 0.44701944986979164 0.9193616739908854
0.19845058441162108 0.7285292053222656 0.429461415608724 0.7643089294433594
0.011489362716674804 0.7806306966145833 0.18371917724609374 0.8264393107096354
0.029005775451660155 0.9457692464192708 0.2418895721435547 0.9910060628255208
0.05538408915201823 0.951822509765625 0.27360183715820313 0.9900216674804687
0.14931456247965494 0.7877381896972656 0.34762914021809893 0.8276748657226562
0.17142330169677733 0.8099308776855468 0.35884552001953124 0.8497291564941406
0.43680577596028647 0.7660340372721354 0.633862559000651 0.803313496907552
0.19689632415771485 0.7786534118652344 0.37123939514160154 0.8201042175292969
0.3927832794189453 0.9489778645833333 0.6037942504882813 0.9920109049479167
0.47264109293619794 0.9176162719726563 0.6760506184895834 0.9566805013020834
0.06578374862670898 0.808353271484375 0.28045382181803385 0.8473374938964844
0.0427135181427002 0.7765503946940104 0.21927734375 0.8196686808268229
0.06951224009195964 0.8820321655273438 0.2579373677571615 0.9210194905598958
0.028197975158691407 0.9357699584960938 0.23638885498046874 0.9802632649739583
0.22304850260416667 0.6444540405273438 0.41794392903645833 0.6847142028808594
0.019801883697509765 0.9385634358723959 0.2075322469075521 0.9794882202148437
0.03838249206542969 0.9413811238606771 0.2460320790608724 0.9817722574869792
0.14759695688883465 0.7442235310872396 0.3693914031982422 0.7809700520833334
0.04718659400939942 0.353841552734375 0.1818453598022461 0.4088011932373047
0.1814612070719401 0.7168360900878906 0.3598008728027344 0.7571040344238281
0.11061261494954427 0.9522347005208334 0.30810892740885415 0.9909419759114584
0.07837801615397136 0.8897060139973958 0.260046132405599 0.9297786458333334
0.1307977040608724 0.6468745930989583 0.35511093139648436 0.6835289510091146
0.06708936055501302 0.7553101603190104 0.20458058675130208 0.805734151204427
0.4364319356282552 0.9405879720052084 0.6446623229980468 0.9845621744791667
0.13723954518636067 0.9304695638020833 0.2976038106282552 0.9756266276041666
0.16608417510986329 0.9058250935872396 0.3996344502766927 0.9437772623697916
0.11709618886311848 0.8958583577473959 0.32069007873535155 0.9345292154947916
0.30650306701660157 0.9274054972330729 0.47150838216145835 0.9717856852213541
0.18603012084960938 0.9109590657552084 0.37730341593424477 0.9500901285807292
0.0762403678894043 0.9495339965820313 0.29208780924479166 0.9896453857421875
0.3829664103190104 0.7053366088867188 0.5890297953287761 0.7432231140136719
0.18677497863769532 0.7738288370768229 0.380573984781901 0.813213602701823
0.021385507583618166 0.9310799153645833 0.2232854461669922 0.9751875813802083
0.023337326049804687 0.8267056274414063 0.22157460530598957 0.865201416015625
0.05296620368957519 0.7179258728027343 0.21702799479166668 0.7594499206542968
0.28421971638997395 0.8468559265136719 0.5233043416341145 0.8836313883463541
0.27629185994466143 0.9267397054036458 0.4825901285807292 0.9602610270182291
0.09660514831542968 0.9076633707682291 0.32705240885416664 0.9411746215820312
0.11144983927408854 0.8712571207682291 0.32247520446777345 0.9107691446940104
0.04654646873474121 0.932382100423177 0.2541692606608073 0.9775838216145833
0.1665981674194336 0.7799863688151042 0.3352949523925781 0.8251392618815104
0.2846001180013021 0.9146262613932291 0.45403711954752607 0.959349365234375
0.07758803049723308 0.5731608072916666 0.2695059967041016 0.6061829630533854
0.13700384775797525 0.8429061889648437 0.3520506286621094 0.8822688802083334
0.01730264663696289 0.8246974182128907 0.24182133992513022 0.8609840901692708
0.11797533671061199 0.9197451782226562 0.3533330535888672 0.9597206624348958
0.012039127349853516 0.7471047973632813 0.2207849629720052 0.781929931640625
0.1621032460530599 0.8630015055338541 0.3181767781575521 0.9104303995768229
0.3822966766357422 0.80892822265625 0.5766140747070313 0.8474356079101563
0.03633345603942871 0.7848394775390625 0.24738601684570313 0.8229327392578125
0.013923797607421875 0.7435762023925782 0.22457659403483074 0.778975830078125
0.09936954498291016 0.9152219645182291 0.2318756612141927 0.9697902425130208
0.287996088663737 0.652744140625 0.4261728922526042 0.7010313415527344
0.0992338752746582 0.8304928588867188 0.2897577921549479 0.8688028971354167
0.23920842488606772 0.7440511067708333 0.3716637674967448 0.8015290323893229
0.07539802551269531 0.7309225463867187 0.19972625732421875 0.7887315368652343
0.21267581939697267 0.8591881306966146 0.3447491963704427 0.9121040852864584
0.12213727315266927 0.8242588806152343 0.26543370564778646 0.8756304931640625
0 0 0 0
0.19665623982747396 0.8052952575683594 0.3366062927246094 0.854630126953125
0.016197028160095214 0.8929568481445312 0.14151705423990885 0.9502506510416666
0.13581769307454428 0.6684754943847656 0.31269510904947917 0.7111898803710938
0.011877322196960449 0.8904119873046875 0.1575116221110026 0.9388320922851563
0.15991715749104818 0.9220791625976562 0.3394571940104167 0.9689912923177083
0.12356145222981771 0.7747871907552083 0.29575154622395833 0.8175480143229167
0.18700801849365234 0.9065910847981771 0.30844825744628906 0.9651662190755208
0.0329454231262207 0.8034342447916667 0.17480817159016926 0.8543448893229166
0.0758290672302246 0.9310422770182292 0.27723490397135414 0.9767023722330729
0.2586524200439453 0.6332810974121094 0.39943862915039063 0.6825917053222657
0.10937098185221354 0.4390446980794271 0.24721697489420572 0.4912324523925781
0.23693430582682293 0.895203348795573 0.4159111022949219 0.9403502400716146
0.031537532806396484 0.85322509765625 0.1770221201578776 0.9010732014973958
0.219891357421875 0.898878682454427 0.3697730509440104 0.9472425333658854
0.1408334223429362 0.6888747151692708 0.3039995829264323 0.7338682047526042
0.14942296346028647 0.926451924641927 0.3517320760091146 0.968815205891927
0.09210286458333333 0.8341104125976563 0.3049352518717448 0.8768154907226563
0.010316705703735352 0.8424871826171875 0.21172779083251952 0.8791851806640625
0.12346285502115885 0.8744761149088541 0.33585072835286456 0.9079037475585937
0.03483380317687988 0.9423826090494791 0.24297088623046875 0.9823777262369792
0.25227706909179687 0.8187080383300781 0.4501555379231771 0.8537969970703125
0.017668380737304687 0.9306138102213541 0.2365587870279948 0.9723597208658854
0.02229994773864746 0.7056515502929688 0.2598976898193359 0.7400137329101563
0.43759068806966145 0.7896073913574219 0.6052823384602865 0.8295027160644531
0.14284192403157553 0.9232277425130209 0.33183204650878906 0.9636432902018229
0.08654290517171224 0.7274700927734375 0.28938191731770835 0.7625621032714843
0.07087532043457032 0.8098533121744792 0.2614830780029297 0.8474643961588542
0.18216715494791666 0.9026399739583333 0.37836036682128904 0.9421695963541666
0.07317716598510743 0.7523994445800781 0.26739359537760415 0.7854885864257812
0.13663770039876302 0.7858042907714844 0.33458534240722654 0.8229345703125
0.18727864583333334 0.8912474568684896 0.40180267333984376 0.9275056966145834
0.055538902282714846 0.8560950724283855 0.23375111897786457 0.8944596354166666
0.48922831217447915 0.9284017944335937 0.7190793863932292 0.9695205688476562
0.006391143798828125 0.9080063883463542 0.21028104146321613 0.9445995076497395
0.07706949869791667 0.6974393717447916 0.3058160400390625 0.7377900187174479
0.13920374552408854 0.8591236368815104 0.3313359069824219 0.9025084431966146
0.31555526733398437 0.7442174275716146 0.5320185852050782 0.7837984212239584
0.04228367805480957 0.5302803039550781 0.23899266560872395 0.5669477844238281
0.016697282791137694 0.78476806640625 0.24555460611979166 0.8198112487792969
0.08664807637532553 0.7423036702473959 0.27080800374348957 0.787555440266927
0.1980559539794922 0.8892112223307291 0.3781348164876302 0.9370424397786459
0.553391825358073 0.8905410766601562 0.7582966613769532 0.9282177734375
0.4558634440104167 0.7361149597167969 0.6649639892578125 0.7714605712890625
0.15630870819091797 0.9208727010091146 0.3791199239095052 0.9548064168294271
0.06527997334798177 0.7579983520507813 0.25492055257161456 0.7916624450683594
0.05096795082092285 0.863079325358073 0.23249715169270832 0.9007158406575521
0.09908206939697266 0.9433817545572917 0.30204307556152343 0.9847263590494791
0.1824883524576823 0.9327188110351563 0.35915733337402345 0.9714054361979166
0.3697553253173828 0.8943198649088542 0.5805094909667968 0.93294189453125
0.3658428446451823 0.77515380859375 0.5712517801920572 0.8126692199707031
0.22132919311523438 0.922239990234375 0.39308761596679687 0.9701485188802084
0.040291697184244794 0.5968050130208333 0.1892888641357422 0.643341064453125
0.01512777328491211 0.9104520670572916 0.22042165120442708 0.9401552327473959
0.05210696220397949 0.9129753621419271 0.28062535603841143 0.9488422648111979
0.005375041961669922 0.7135935974121094 0.1896071243286133 0.756683349609375
0.05801582336425781 0.9427208455403646 0.2410621134440104 0.9835439046223958
0.2197387186686198 0.8599430338541667 0.4051316070556641 0.8966579182942709
0.09686756134033203 0.6827714029947917 0.25187159220377603 0.7266147867838542
0.05205418586730957 0.8156329345703125 0.2808687337239583 0.8491004943847656
0.06318082809448242 0.8946277872721354 0.26920277913411456 0.9286760457356771
0.01722599983215332 0.9513097127278646 0.22705360412597655 0.9893694051106771
0.15363485972086588 0.5605116271972657 0.3204057820638021 0.6075062052408854
0.1790899658203125 0.8271839396158854 0.34799789428710937 0.8713191731770833
0.014705791473388671 0.7488151550292969 0.22108472188313802 0.7896681213378907
0.3629192352294922 0.5684746297200521 0.5448670450846355 0.6099610900878907
0.035373268127441404 0.9187754313151042 0.246119384765625 0.9550258382161458
0.04050384521484375 0.7663997395833333 0.22226481119791666 0.8064576212565104
0.3531355285644531 0.8559390258789062 0.5286622111002605 0.8996877034505208
0.27065656026204427 0.8904451497395833 0.4203601837158203 0.9376146443684896
0.3930588785807292 0.8617433675130208 0.6003255208333333 0.9031593831380208
0.16415428161621093 0.9400614420572917 0.38430872599283855 0.9804099527994792
0 0 0 0
0.40965164184570313 0.9424551391601562 0.6100747680664063 0.9879302978515625
0.5116815185546875 0.8761372884114583 0.710587870279948 0.9143960571289063
0.08973810195922852 0.5504544067382813 0.24718363444010416 0.5984878540039062
0.09037586212158204 0.8633449300130208 0.29617828369140625 0.9003151448567709
0.2794084167480469 0.9111527506510416 0.4886138916015625 0.9509242757161458
0.016220703125 0.9446531168619792 0.2243670145670573 0.9881201171875
0.07009117126464844 0.9143177286783855 0.2774083709716797 0.9529070027669271
0.13315171559651692 0.6912761433919271 0.3008008321126302 0.7330833943684896
0.01362288475036621 0.8890467325846354 0.22597981770833334 0.9247291056315105
0.24096995035807292 0.703056640625 0.4185269165039063 0.7438323974609375
0.13929056803385417 0.8333587646484375 0.2650238291422526 0.8878704833984375
0.043974990844726565 0.6619741821289062 0.2430902353922526 0.6990614318847657
0.008324174880981446 0.7665277099609376 0.1806430435180664 0.8092367553710937
0.35662338256835935 0.9503749593098958 0.5574161783854167 0.9924808756510417
0.09230391184488933 0.7627763875325521 0.30075401306152344 0.8040462239583334
0.4050432586669922 0.6658614095052083 0.5855111694335937 0.7058107503255209
0.04113225936889649 0.8784747314453125 0.24697718302408855 0.9107403564453125
0.012147250175476075 0.6603101603190105 0.14779541015625 0.7102251180013021
0.031187982559204103 0.881852518717448 0.22782142639160155 0.9228627522786458
0.17542083740234374 0.9439842732747395 0.3676032002766927 0.9863373819986979
0.03228680610656738 0.8961416625976563 0.22890480041503905 0.9333376057942708
0.02466745376586914 0.949214579264323 0.23463470458984376 0.986868387858073
0.37011011759440104 0.9365639241536459 0.5581378682454428 0.977220458984375
0.023402595520019533 0.7551705932617188 0.1888888931274414 0.7991024780273438
0.12009822845458984 0.8453925577799479 0.3290973917643229 0.8844655354817709
0.08986801147460938 0.8923331705729166 0.23042826334635416 0.9354747517903645
0.1942758560180664 0.9288036092122396 0.40376258850097657 0.9695790608723959
0.13582880655924479 0.9075457763671875 0.33775853474934897 0.9476334635416667
0.14441190083821615 0.9080324300130208 0.32119529724121093 0.9511381022135417
0.16093387603759765 0.9305178833007812 0.3707300313313802 0.9674263509114583
0.08500794728597005 0.9122022501627605 0.31069541931152345 0.9492708333333333
0.2243976593017578 0.9432154337565104 0.43516286214192706 0.9872895304361979
