data/training_data/watermark/00001.jpg 0.19267196331907066 0.9312789514695032 0.36590565897124455 0.9744950640014726
data/training_data/watermark/00002.jpg 0.5444472563119055 0.6936454640721524 0.7523276910945143 0.730420826390993
data/training_data/watermark/00003.jpg 0.438721509919656 0.7484541032816447 0.651221509919656 0.7859541032816447
data/training_data/watermark/00004.jpg 0.44478614377046316 0.7599901887855641 0.6353432089878545 0.8003597540029554
data/training_data/watermark/00005.jpg 0.09507316473468683 0.8680404160821059 0.3000570875642688 0.9034102077487726
data/training_data/watermark/00006.jpg 0.009196110298466415 0.8380482916424569 0.21855571620979647 0.8749991113145881
data/training_data/watermark/00007.jpg 0.20540298511965585 0.8555316627953715 0.390185593815308 0.8961397709034797
data/training_data/watermark/00008.jpg 0.052416517575966826 0.8086442606771893 0.2413054064648557 0.8486998162327449
data/training_data/watermark/00009.jpg 0.05723397361512184 0.8919519839240193 0.26511440839773054 0.9287273462428598
data/training_data/watermark/00010.jpg 0.11790737654068154 0.9394114120401936 0.2979921223033934 0.9778097171249394
data/training_data/watermark/00011.jpg 0.33385502143911827 0.9405173235389194 0.5321883547724515 0.9798923235389193
data/training_data/watermark/00012.jpg 0.006717120518832931 0.6199524771970116 0.21921712051883296 0.6574524771970116
data/training_data/watermark/00013.jpg 0.14359141673656156 0.8689513878783436 0.339922938475692 0.9079855367060704
data/training_data/watermark/00014.jpg 0.27901567339405836 0.602137412541387 0.45802382556797133 0.6436861640277128
data/training_data/watermark/00015.jpg 0.03569872025526248 0.748358070409955 0.22458760914415138 0.7884136259655105
data/training_data/watermark/00016.jpg 0.055329868764459174 0.9408837197976739 0.2677705277982486 0.9783711546450305
data/training_data/watermark/00017.jpg 0.02630571157329522 0.8811435315144571 0.21622117051049328 0.9213195199426153
data/training_data/watermark/00018.jpg 0.11697666515379798 0.8679581526616701 0.3215846431455449 0.9052244416135115
data/training_data/watermark/00019.jpg 0.006165142111690436 0.6174624423564566 0.18679014211169043 0.6583011005034215
data/training_data/watermark/00020.jpg 0.3648829447765336 0.836038847761433 0.5658461671933462 0.8740732227614331
data/training_data/watermark/00021.jpg 0.03788594806421898 0.7823083208608593 0.2460492133703414 0.8191436203163946
data/training_data/watermark/00022.jpg 0.0399332063746405 0.8549877451486414 0.24557836766496308 0.8917439883625393
data/training_data/watermark/00023.jpg 0.06792734856866568 0.6825213308183353 0.2789202563700841 0.71978492419895
data/training_data/watermark/00024.jpg 0.46189551643537535 0.8912114842615708 0.6309296073444662 0.935984211534298
data/training_data/watermark/00025.jpg 0.026596149918649788 0.7985655686582063 0.22492948325198314 0.8379405686582063
data/training_data/watermark/00026.jpg 0.026758589808505717 0.8338196416734283 0.1927742148085057 0.8778821416734284
data/training_data/watermark/00027.jpg 0.25393638870213797 0.6883416521428205 0.4620996540082604 0.7251458225870634
data/training_data/watermark/00028.jpg 0.09017522091341633 0.9494007571721732 0.27717522091341634 0.9890809277478663
data/training_data/watermark/00029.jpg 0.19126536401969257 0.9304163656536146 0.38182242923708387 0.9707859308710061
data/training_data/watermark/00030.jpg 0.1276362885436733 0.7369917904230165 0.3181933537610646 0.7773613556404078
data/training_data/watermark/00031.jpg 0.4769488363595389 0.8659884763027934 0.6859652298021619 0.9029689450527935
data/training_data/watermark/00032.jpg 0.18825988158162074 0.6932794654072766 0.3766121543088935 0.733234010861822
data/training_data/watermark/00033.jpg 0.2709751210791391 0.9141894482007406 0.47885555586174783 0.9509648105195813
data/training_data/watermark/00034.jpg 0.006522330059993766 0.8647348586869562 0.21902233005999378 0.9022348586869562
data/training_data/watermark/00035.jpg 0.11409828939245098 0.6858756723787737 0.32376495605911765 0.722961971311158
data/training_data/watermark/00036.jpg 0.03461876351924656 0.800228510899903 0.23340908609989175 0.8375631745259008
data/training_data/watermark/00037.jpg 0.4410852556752843 0.9021128092462959 0.6068653975192558 0.9461199014448776
data/training_data/watermark/00038.jpg 0.33764391074685385 0.8292440401558481 0.5501439107468539 0.8666509550494651
data/training_data/watermark/00039.jpg 0.3004662436390402 0.8480348222014638 0.48935513252792906 0.8868434159514637
data/training_data/watermark/00040.jpg 0.0489360285983935 0.9433467219861497 0.24262092443172686 0.9819014094861497
data/training_data/watermark/00041.jpg 0.0329236161346184 0.9221153294569936 0.2690347272457295 0.9572715794569936
data/training_data/watermark/00042.jpg 0.012102723602857971 0.921320226999031 0.18210272360285795 0.9663202269990311
data/training_data/watermark/00043.jpg 0.15235382830049674 0.8814086085340043 0.3467544592153232 0.921390226181063
data/training_data/watermark/00044.jpg 0.22035357945909506 0.6852684886682697 0.43186978316279884 0.7226141676806154
data/training_data/watermark/00045.jpg 0.04573838867714171 0.9340781465657318 0.25673129647856013 0.970112924216815
data/training_data/watermark/00046.jpg 0.2648204819091911 0.934286040601347 0.4838926468576447 0.9710507464836999
data/training_data/watermark/00047.jpg 0.2357909771838975 0.9302645973155143 0.4482909771838975 0.9677645973155142
data/training_data/watermark/00048.jpg 0.029319484106645796 0.868131150143906 0.2327199878849833 0.9040076109118526
data/training_data/watermark/00049.jpg 0.5044191591404245 0.9119736405182954 0.7122995939230331 0.9488112085763716
data/training_data/watermark/00050.jpg 0.08881274878993392 0.7544855523080267 0.29812752395053344 0.7915105523080268
data/training_data/watermark/00051.jpg 0.22637257844257921 0.9532716243178078 0.4296334480077966 0.9903238631237781
data/training_data/watermark/00052.jpg 0.027977969632649913 0.8553112471388751 0.24740731745873687 0.8915168308952203
data/training_data/watermark/00053.jpg 0.2506270337276301 0.8925643949113107 0.45041335851395486 0.9291379243230754
data/training_data/watermark/00054.jpg 0.11774281891877614 0.8757819731339493 0.26649281891877613 0.9282403411605936
data/training_data/watermark/00055.jpg 0.11098617944549036 0.881617183023397 0.3213397147990257 0.9187571561054966
data/training_data/watermark/00056.jpg 0.06942944744275882 0.6866282431849923 0.278531538463669 0.7235811120374512
data/training_data/watermark/00057.jpg 0.25876453426342255 0.7488341032874117 0.44470203426342253 0.7883804111722679
data/training_data/watermark/00058.jpg 0.05427049569901893 0.885319481814024 0.22028612069901893 0.9293819818140241
data/training_data/watermark/00059.jpg 0.04449668431429506 0.9284763912692052 0.2027413651653589 0.9749175677397934
data/training_data/watermark/00060.jpg 0.024330730513641784 0.8610861944578404 0.21912239718030843 0.8998361944578405
data/training_data/watermark/00061.jpg 0.37751194417664086 0.9293551342814181 0.5717976584623551 0.9680675806333495
data/training_data/watermark/00062.jpg 0.017639904913291028 0.8223391407737185 0.25006177991329104 0.857000827944193
data/training_data/watermark/00063.jpg 0.013999157419318717 0.7683853648802772 0.20488423007453668 0.8087067558181066
data/training_data/watermark/00064.jpg 0.1571079484341759 0.9382090595087227 0.35524984032606777 0.9770590595087227
data/training_data/watermark/00065.jpg 0.06915981733815604 0.8828452588172216 0.28165981733815604 0.9203452588172216
data/training_data/watermark/00066.jpg 0.014953828965692589 0.8844469910165352 0.20813564714751076 0.9240295920710166
data/training_data/watermark/00067.jpg 0.2098889354940306 0.9228242531845526 0.37910189845699355 0.9676390679993675
data/training_data/watermark/00068.jpg 0.08715357060508312 0.7991263208058325 0.27161537616063863 0.8383485430280547
data/training_data/watermark/00069.jpg 0.07379174427148324 0.7153931983164689 0.2798954232012491 0.7517765316498022
data/training_data/watermark/00070.jpg 0.2707407053618804 0.8560395091771927 0.48132629094746593 0.8932045091771926
data/training_data/watermark/00071.jpg 0.022146949083024763 0.8300696366601731 0.24128757408302476 0.8654593705004773
data/training_data/watermark/00072.jpg 0.04599541957028723 0.9018800211043841 0.23488430845917613 0.9419355766599398
data/training_data/watermark/00073.jpg 0.00832590107129928 0.7430700034732588 0.2208259010712993 0.7805700034732588
data/training_data/watermark/00074.jpg 0.17519731347676698 0.9408537839245198 0.34233214493744113 0.985179626621149
data/training_data/watermark/00075.jpg 0.1783671996821603 0.7900918514023446 0.41098554287742656 0.8248335180690112
data/training_data/watermark/00076.jpg 0.4808068954494621 0.6107755585385488 0.6608916412121739 0.6491738636232947
data/training_data/watermark/00077.jpg 0.020195183587359826 0.6584049122585304 0.18439972904190527 0.7041030029506544
data/training_data/watermark/00078.jpg 0.007976953020712012 0.8057554534001715 0.2112378225859294 0.8434913742525307
data/training_data/watermark/00079.jpg 0.18932739890525538 0.7933901545231633 0.3856589206443858 0.8324243033508901
data/training_data/watermark/00080.jpg 0.02369492437110316 0.9036890066053018 0.24108622871892924 0.9389663503553018
data/training_data/watermark/00081.jpg 0.1266662189228904 0.8863428990298913 0.2924773072185783 0.9305714852012018
data/training_data/watermark/00082.jpg 0.1919855179994976 0.7952848908174065 0.3917718427858224 0.8322640574840732
data/training_data/watermark/00083.jpg 0.02773849701997398 0.9094282718656891 0.17518747661181072 0.9615201086003831
data/training_data/watermark/00084.jpg 0.04746143861473957 0.7874969984300345 0.2577313036822058 0.8246644984300345
data/training_data/watermark/00085.jpg 0.0211649196643828 0.6113004037765478 0.21949825299771614 0.6506754037765478
data/training_data/watermark/00086.jpg 0.059594535174146444 0.9030735575424407 0.2585307053869124 0.9416716883835621
data/training_data/watermark/00087.jpg 0.31676625065966985 0.9201786178003964 0.5292662506596698 0.9576786178003964
data/training_data/watermark/00088.jpg 0.18117816736634906 0.46769109664413944 0.31640544009362176 0.5236424240777677
data/training_data/watermark/00089.jpg 0.21229304033884877 0.9156751180870777 0.42017347512145753 0.9525751180870776
data/training_data/watermark/00090.jpg 0.1341580599749182 0.36625003910966314 0.2710912341992619 0.4207983396463358
data/training_data/watermark/00091.jpg 0.08092599832195843 0.946133129686582 0.2934259983219584 0.983633129686582
data/training_data/watermark/00092.jpg 0.04942788831815133 0.9008680358248705 0.20683529572555875 0.9473886543815715
data/training_data/watermark/00093.jpg 0.409143091300144 0.8769404620947917 0.6452542024112551 0.9120967120947917
data/training_data/watermark/00094.jpg 0.12705913712192807 0.9500632143985459 0.3631702482330392 0.983586651898546
data/training_data/watermark/00095.jpg 0.2108347520489699 0.9250874037898662 0.41660756396703325 0.9615111010603377
data/training_data/watermark/00096.jpg 0.04961013291232533 0.7834692425217262 0.259276799578992 0.8202505476363647
data/training_data/watermark/00097.jpg 0.29380899539706984 0.7104139910307459 0.5274082861772117 0.7457508704633699
data/training_data/watermark/00098.jpg 0.3067462982334294 0.677774901382148 0.5146267330160381 0.7145502637009886
data/training_data/watermark/00099.jpg 0.3300925819894911 0.9421914490725222 0.6440767508549265 0.9729604920412721
data/training_data/watermark/00100.jpg 0.20038694359089895 0.5608404836762412 0.34950975060844286 0.6127827913685489
data/training_data/watermark/00101.jpg 0.3381747784432237 0.9499348362685484 0.527844199930827 0.9883900695598472
data/training_data/watermark/00102.jpg 0.16293933254341372 0.8829179832583574 0.31748478708886824 0.932655552319131
data/training_data/watermark/00103.jpg 0.4574413674546541 0.9487405754105094 0.6471107889422574 0.9880308979911546
data/training_data/watermark/00104.jpg 0.01604846643188562 0.8322833217526656 0.20738543778249952 0.8721171909916795
data/training_data/watermark/00105.jpg 0.17950060033202375 0.8925143106173591 0.3775938206710068 0.9278471718071607
data/training_data/watermark/00106.jpg 0.07915849182473618 0.8731744587703228 0.2675107645520089 0.9131630847939807
data/training_data/watermark/00107.jpg 0.014344262997949254 0.6330427305334153 0.15440108117976745 0.6886943489320525
data/training_data/watermark/00108.jpg 0.027475943309258545 0.7665127633096571 0.2036954555043805 0.8067219683305776
data/training_data/watermark/00109.jpg 0.4109059095954217 0.9089205892952756 0.6134449720954217 0.9472464821524185
data/training_data/watermark/00110.jpg 0.10307732660214339 0.7980412062332507 0.247963690238507 0.8489622588648296
data/training_data/watermark/00111.jpg 0.07152710090941437 0.7518250738440605 0.2692015195140655 0.7888228417012034
data/training_data/watermark/00112.jpg 0.08686952245639526 0.9453101182881071 0.29843614031876714 0.9826807237568571
data/training_data/watermark/00113.jpg 0.11902080988092947 0.8094519633778441 0.3105826547446611 0.8490615300172553
data/training_data/watermark/00114.jpg 0.02297711247457576 0.6934484840534154 0.23547711247457576 0.7309484840534154
data/training_data/watermark/00115.jpg 0.013199331290506967 0.6694503727033445 0.18241229425346994 0.7142651875181593
data/training_data/watermark/00116.jpg 0.1870647761442113 0.9400556483304037 0.39494521092682 0.9768310106492442
data/training_data/watermark/00117.jpg 0.1523335757686058 0.9491690953180842 0.36483357576860576 0.9866690953180843
data/training_data/watermark/00118.jpg 0.1216565710599781 0.9465530439800965 0.3256565710599781 0.9827496631971784
data/training_data/watermark/00119.jpg 0.042509815693440194 0.822073558507807 0.23332614222405243 0.8624816107384926
data/training_data/watermark/00120.jpg 0.15522357539419337 0.7650434742127422 0.2980235753941934 0.8160649795890863
data/training_data/watermark/00121.jpg 0.007468874313793199 0.7950324790396104 0.2199688743137932 0.8325324790396104
data/training_data/watermark/00122.jpg 0.3424233155196521 0.841174813928716 0.5549233155196521 0.8785353716976402
data/training_data/watermark/00123.jpg 0.01214193340266602 0.8701754775353431 0.2228857350555586 0.907884974742047
data/training_data/watermark/00124.jpg 0.20659063662550559 0.9510366568476348 0.42808900796101046 0.9862856802851347
data/training_data/watermark/00125.jpg 0.03393146706798382 0.890721778049519 0.21494998558650236 0.9325594194065466
data/training_data/watermark/00126.jpg 0.010102268175949003 0.706861488974409 0.16121337928706012 0.7573306766494791
data/training_data/watermark/00127.jpg 0.34611157812137183 0.5904667144470335 0.4855647031213719 0.6458941149154176
data/training_data/watermark/00128.jpg 0.036816077446734555 0.7558433084274797 0.22841443810247225 0.7946245584274797
data/training_data/watermark/00129.jpg 0.5106546227780348 0.6709103331782522 0.6948212894447015 0.708848477508149
data/training_data/watermark/00130.jpg 0.09971909806478522 0.9405019390118492 0.30776105610674326 0.9774902202618492
data/training_data/watermark/00131.jpg 0.29171040110031643 0.9296536664270714 0.48573214023075123 0.9688562347783555
data/training_data/watermark/00132.jpg 0.0895378787422751 0.9078740429961685 0.32564898985338625 0.9430302929961685
data/training_data/watermark/00133.jpg 0.2646312925372357 0.9269825655141232 0.41024157090982677 0.9786027371879429
data/training_data/watermark/00134.jpg 0.13163232508736197 0.7839328194729595 0.3205212139762509 0.8240092508237099
data/training_data/watermark/00135.jpg 0.26594129418243184 0.7417597270077531 0.4775079120448038 0.7791303324765031
data/training_data/watermark/00136.jpg 0.3238158141878259 0.7905699887119466 0.5363158141878258 0.8280699887119466
data/training_data/watermark/00137.jpg 0.00874431889302261 0.9274002359602544 0.20105201120071492 0.9650752359602545
data/training_data/watermark/00138.jpg 0.12740574140918157 0.7189284896219005 0.323991644492882 0.7583201562885671
data/training_data/watermark/00139.jpg 0.052734042960629 0.953705154003984 0.28290812419854 0.9880794739169328
data/training_data/watermark/00140.jpg 0.00929891842706212 0.9487743601487737 0.2147155850937288 0.9870724822145014
data/training_data/watermark/00141.jpg 0.03329278870540125 0.9512324161340027 0.2356737410863536 0.9897065372277527
data/training_data/watermark/00142.jpg 0.23380538602531778 0.8525094412934351 0.4447982938267362 0.8897730346740498
data/training_data/watermark/00143.jpg 0.0276102755445138 0.7897046968156671 0.2354907103271225 0.8264800591345077
data/training_data/watermark/00144.jpg 0.1625270044852368 0.7118614371844998 0.3019801294852368 0.7664351699033938
data/training_data/watermark/00145.jpg 0.005850294885549236 0.9005178683640563 0.15460029488554924 0.9530178683640563
data/training_data/watermark/00146.jpg 0.04296728025403175 0.5341666331243874 0.20963394692069842 0.5783823193988972
data/training_data/watermark/00147.jpg 0.36057744216385457 0.9062958355298395 0.5684578769464632 0.9430711978486802
data/training_data/watermark/00148.jpg 0.025752524229176947 0.9389418391953432 0.26186363534028806 0.9740980891953432
data/training_data/watermark/00149.jpg 0.038439794860517115 0.7533039139894514 0.25786914268660405 0.7890593396989674
data/training_data/watermark/00150.jpg 0.0306499653682933 0.9454984476705924 0.24231988724329329 0.9828682393372592
data/training_data/watermark/00151.jpg 0.12895740674300835 0.8780925768652257 0.2980900598042328 0.9229316984178305
data/training_data/watermark/00152.jpg 0.019704973274651108 0.9105794166974004 0.2294689217725052 0.9476008452688289
data/training_data/watermark/00153.jpg 0.07497706328757545 0.7975017214991013 0.27173632254683466 0.8365989437213235
data/training_data/watermark/00154.jpg 0.5217331843674021 0.8454776773615763 0.734233184367402 0.8829776773615763
data/training_data/watermark/00155.jpg 0.1576723514972992 0.7929533653706973 0.2987856327472992 0.8490211309384629
data/training_data/watermark/00156.jpg 0.10478871777576446 0.672161732824308 0.3125664955535422 0.7097794245479223
data/training_data/watermark/00157.jpg 0.3486638198841479 0.8303412113069768 0.5618097165406829 0.8674862113069768
data/training_data/watermark/00158.jpg 0.03355606921063057 0.9462528107219288 0.21364081497334242 0.9834741221973388
data/training_data/watermark/00159.jpg 0.06297429853052484 0.9060606706872825 0.2719906919731478 0.9430411394372825
data/training_data/watermark/00160.jpg 0.07782241023748103 0.739159067001291 0.28631297627521685 0.776030136183681
data/training_data/watermark/00161.jpg 0.11451256466990492 0.8523463260493731 0.32701256466990497 0.8898463260493731
data/training_data/watermark/00162.jpg 0.16269797132646557 0.8793502750031532 0.37349797132646556 0.9163444487319667
data/training_data/watermark/00163.jpg 0.08649444404697024 0.7413318510679726 0.2943748788295789 0.7781072133868132
data/training_data/watermark/00164.jpg 0.14775387191070888 0.8240636129614696 0.31775387191070886 0.8690636129614695
data/training_data/watermark/00165.jpg 0.06734215809012675 0.916214143122326 0.2637866025345712 0.9552558097889926
data/training_data/watermark/00166.jpg 0.3070633459559883 0.8720814028700006 0.5381508164051608 0.9066580695366673
data/training_data/watermark/00167.jpg 0.054808458586790954 0.8479229001318931 0.2629717238929134 0.884727070576136
data/training_data/watermark/00168.jpg 0.2582871737805813 0.7366601960652742 0.4196297663731739 0.7821720070888963
data/training_data/watermark/00169.jpg 0.2046186853118757 0.7465837099629733 0.41711868531187574 0.7840837099629733
data/training_data/watermark/00170.jpg 0.13869461825716414 0.7486125252796337 0.35119461825716414 0.7861125252796337
data/training_data/watermark/00171.jpg 0.011800389733451183 0.8360735767745915 0.220290955771187 0.8727298267745915
data/training_data/watermark/00172.jpg 0.05661760380418062 0.6068736492584703 0.23746866763396787 0.6468515253646651
data/training_data/watermark/00173.jpg 0.023158971762511058 0.7869905532681636 0.25577731495777734 0.8217322199348301
data/training_data/watermark/00174.jpg 0.048543191949703 0.8267947087393809 0.24670787448938553 0.8661399468346189
data/training_data/watermark/00175.jpg 0.23556559230012175 0.8150562812015931 0.4670012358644782 0.8496036349620387
data/training_data/watermark/00176.jpg 0.03451454814234295 0.8844528654405844 0.24239498292495162 0.9213216211172419
data/training_data/watermark/00177.jpg 0.19936069659834482 0.9499200220722182 0.4083770900409678 0.9871009901690279
data/training_data/watermark/00178.jpg 0.016928182726587703 0.8925095144583262 0.207485247943979 0.9328790796757174
data/training_data/watermark/00179.jpg 0.25029132345483157 0.8773675146348814 0.4483026870911952 0.9157777390737842
data/training_data/watermark/00180.jpg 0.08529420715015756 0.8919389543277608 0.2969018856144647 0.9293059543277609
data/training_data/watermark/00181.jpg 0.03669792510334538 0.6161979145105798 0.24696779017081164 0.6533654145105798
data/training_data/watermark/00182.jpg 0.08825562092975976 0.936429950180995 0.32436673204087085 0.971586200180995
data/training_data/watermark/00183.jpg 0.3227285848325907 0.6240709485392484 0.5563278756127326 0.6589162579204859
data/training_data/watermark/00184.jpg 0.05387513744005824 0.9531897960882877 0.26637513744005825 0.9906897960882878
data/training_data/watermark/00185.jpg 0.013798968550470766 0.9163601811945414 0.20504896855047078 0.9568601811945414
data/training_data/watermark/00186.jpg 0.08415208105485752 0.9283744749003933 0.3177513718349994 0.9631875357179406
data/training_data/watermark/00187.jpg 0.052650708643425165 0.7229881861016317 0.2410372334661202 0.7629491790094332
data/training_data/watermark/00188.jpg 0.0771675742980517 0.7549873116042648 0.2463805372610147 0.7998021264190797
data/training_data/watermark/00189.jpg 0.30785014347853945 0.9209544328501433 0.5004282684785395 0.9609085332173405
data/training_data/watermark/00190.jpg 0.09611547847510671 0.7711329642192988 0.22644881180844004 0.8325784618496306
data/training_data/watermark/00191.jpg 0.009244329606095036 0.8932632613519697 0.21797557107949203 0.9301564431701514
data/training_data/watermark/00192.jpg 0.1660857051298733 0.942726435979617 0.4123709948772731 0.9770096391046172
data/training_data/watermark/00193.jpg 0.5280868865079613 0.9372714372700826 0.7819063309524057 0.9708825483811937
data/training_data/watermark/00194.jpg 0.40419327446209374 0.6631163639115825 0.6113807744620937 0.6999259873425447
data/training_data/watermark/00195.jpg 0.44671174800926206 0.6703377708505873 0.6353386550827711 0.7103544190192889
data/training_data/watermark/00196.jpg 0.12481701692297711 0.9307350527108689 0.26506701692297713 0.9865383560141723
data/training_data/watermark/00197.jpg 0.016000660757018767 0.9507057866643488 0.25110704373574216 0.9857377100482274
data/training_data/watermark/00198.jpg 0.34898521274258115 0.8322221116304093 0.5371994984568669 0.8721506830589807
data/training_data/watermark/00199.jpg 0.313207078365841 0.9110623876469299 0.5248511647810735 0.9484323827641175
data/training_data/watermark/00200.jpg 0.3611508422869373 0.7885415093886983 0.5736508422869373 0.8260415093886982
data/training_data/watermark/00201.jpg 0.011200324775434931 0.8394329572101482 0.19820032477543495 0.8791528077971279
data/training_data/watermark/00202.jpg 0.22408787826469811 0.8353533241534559 0.4601989893758092 0.8705095741534559
data/training_data/watermark/00203.jpg 0.05968498962153852 0.7427074029359824 0.2580183229548718 0.7820824029359824
data/training_data/watermark/00204.jpg 0.10635270686090204 0.920680495469693 0.25244645686090206 0.9731099736079158
data/training_data/watermark/00205.jpg 0.21614953719852378 0.8560345951492463 0.40704788235218803 0.8937231916404742
data/training_data/watermark/00206.jpg 0.08597364385291832 0.8939312359427463 0.2855948559741305 0.9330343749561991
data/training_data/watermark/00207.jpg 0.2172047280395053 0.6360328667978896 0.3554161101533264 0.6911917910032686
data/training_data/watermark/00208.jpg 0.0950912038051333 0.6785123230132251 0.2905912038051333 0.7180352237765838
data/training_data/watermark/00209.jpg 0.254636562399416 0.6735964445711672 0.44372554545026344 0.7130631112378338
data/training_data/watermark/00210.jpg 0.19962137823230022 0.9366358528178278 0.44829159099825766 0.9699691861511612
data/training_data/watermark/00211.jpg 0.11657934053395096 0.7765950220051414 0.2999549750517175 0.8147795458146653
data/training_data/watermark/00212.jpg 0.13119137100753495 0.8982672882111733 0.297206996007535 0.9442846706242612
data/training_data/watermark/00213.jpg 0.3054373880693193 0.8968351046457187 0.493490485414452 0.9345517713123853
data/training_data/watermark/00214.jpg 0.08966784097553655 0.8678069573278708 0.27666784097553654 0.9075069573278708
data/training_data/watermark/00215.jpg 0.022556240141229946 0.8461396867055329 0.1930107855957754 0.8909075912148167
data/training_data/watermark/00216.jpg 0.046242476480711954 0.8829800997411591 0.2102775642000102 0.9265046181299507
data/training_data/watermark/00217.jpg 0.2398181709644044 0.9498854100674928 0.4280324566786901 0.9898139814960643
data/training_data/watermark/00218.jpg 0.043086948189727366 0.915550220259129 0.2555869481897274 0.953050220259129
data/training_data/watermark/00219.jpg 0.2738052991175356 0.6923006038954381 0.4769302991175356 0.7289579072662246
data/training_data/watermark/00220.jpg 0.12625787960146825 0.8721485969733722 0.31238926646278214 0.9098847080844833
data/training_data/watermark/00221.jpg 0.30807584353559575 0.8298682352830733 0.5108143594366558 0.8678869852830732
data/training_data/watermark/00222.jpg 0.012089965243036275 0.7081400480636938 0.20758996524303627 0.7473268861877483
data/training_data/watermark/00223.jpg 0.4110219324399165 0.9325136085019153 0.6053076467256309 0.9721832120261444
data/training_data/watermark/00224.jpg 0.03921011190083704 0.7815408197561875 0.23075940767548492 0.8192231114228541
data/training_data/watermark/00225.jpg 0.015106353988492032 0.9192259060833731 0.23120804890374627 0.9522841585105575
data/training_data/watermark/00226.jpg 0.5937737804304569 0.9367640614752588 0.8062737804304569 0.973216157283642
data/training_data/watermark/00227.jpg 0.030862597872671156 0.7953260393610742 0.21502926453933782 0.8346399617171653
data/training_data/watermark/00228.jpg 0.03869201197397864 0.8738693137085508 0.19230646980530394 0.9237707915410631
data/training_data/watermark/00229.jpg 0.29063285953676044 0.9542316365429648 0.5456328595367604 0.9879816365429649
data/training_data/watermark/00230.jpg 0.12433166334774104 0.948213755407399 0.3295040771408445 0.9838781698218134
data/training_data/watermark/00231.jpg 0.19927226412454552 0.7808914077743121 0.3852097641245455 0.8204284448113492
data/training_data/watermark/00232.jpg 0.26527171438479863 0.9126926123565537 0.4731521491674074 0.949499049346581
data/training_data/watermark/00233.jpg 0.19103616319053665 0.8999175283130647 0.4019925796554277 0.9375153278240673
data/training_data/watermark/00234.jpg 0.06564729554902084 0.9174319080440771 0.2568972955490208 0.9572844637452568
data/training_data/watermark/00235.jpg 0.03085600185612564 0.7169799203176974 0.270517655991464 0.7496049203176974
data/training_data/watermark/00236.jpg 0.009172672524096207 0.6778365295160919 0.20018390847915238 0.7159995362728486
data/training_data/watermark/00237.jpg 0.017178580635089334 0.6993692956134068 0.20269445365096236 0.7382130456134067
data/training_data/watermark/00238.jpg 0.14472927789352288 0.6081852535711075 0.30819081635506135 0.6516467920326461
data/training_data/watermark/00239.jpg 0.28434457215684233 0.8772287153181655 0.4517020851102102 0.9218689655788538
data/training_data/watermark/00240.jpg 0.1981331750161205 0.7307424813771143 0.4440009436111618 0.7643169494622206
data/training_data/watermark/00241.jpg 0.011482116776742669 0.7829659898499536 0.1908070112915106 0.824409004555836
data/training_data/watermark/00242.jpg 0.03635367663756597 0.948003094339452 0.24416124761548397 0.9856541191506708
data/training_data/watermark/00243.jpg 0.06136816025360108 0.9541182417498337 0.2767014935869344 0.9912169402313954
data/training_data/watermark/00244.jpg 0.14915113762164903 0.7904514118271265 0.35816753106427196 0.827292370432791
data/training_data/watermark/00245.jpg 0.17163188273815638 0.811702497390934 0.3598461684524421 0.8516310688195055
data/training_data/watermark/00246.jpg 0.43088388004546196 0.7681973902993109 0.643383880045462 0.8056973902993109
data/training_data/watermark/00247.jpg 0.19730342962955424 0.7797945615743158 0.37405201186017806 0.8211653949076492
data/training_data/watermark/00248.jpg 0.3960041336507803 0.9516933277751585 0.6085041336507803 0.9891933277751584
data/training_data/watermark/00249.jpg 0.4746026994292013 0.9187879334746799 0.6764776994292013 0.9570022191889657
data/training_data/watermark/00250.jpg 0.06845299281449876 0.8097338624192851 0.28095299281449876 0.8472338624192851
data/training_data/watermark/00251.jpg 0.045839887897758065 0.7811438638742327 0.22592463366046994 0.8195421689589785
data/training_data/watermark/00252.jpg 0.0640561148437934 0.8826393010677714 0.2659311148437934 0.9215029374314079
data/training_data/watermark/00253.jpg 0.030282878352271312 0.9406672666771025 0.235699545018938 0.9774369295984509
data/training_data/watermark/00254.jpg 0.21224816942561597 0.6486495742059041 0.42306517651190195 0.6858711019836818
data/training_data/watermark/00255.jpg 0.018222635215727007 0.9428547528331057 0.21589705382037816 0.9816340955561104
data/training_data/watermark/00256.jpg 0.040050837319611 0.9446435283291104 0.2495578795731321 0.9816200908291103
data/training_data/watermark/00257.jpg 0.14958309139427384 0.7454150451668836 0.3716733526769342 0.78122790643856
data/training_data/watermark/00258.jpg 0.049260798311008845 0.3568850958348296 0.18835170740191792 0.4118918709025803
data/training_data/watermark/00259.jpg 0.1836101050227249 0.7192116622832434 0.3621101050227249 0.7603401345054656
data/training_data/watermark/00260.jpg 0.11612466082935986 0.9531827072599084 0.31534341082935985 0.9902452072599084
data/training_data/watermark/00261.jpg 0.10021174527817556 0.8844996405410781 0.26297770272498405 0.9305791859956235
data/training_data/watermark/00262.jpg 0.12952341518221752 0.6482585330030116 0.36563452629332865 0.6834147830030116
data/training_data/watermark/00263.jpg 0.06574136365092077 0.7603063934488995 0.2152784006879578 0.809912874930381
data/training_data/watermark/00264.jpg 0.4381105129466556 0.9455082122154012 0.6506105129466556 0.9830082122154011
data/training_data/watermark/00265.jpg 0.1405129606318749 0.9339902410704796 0.30258923181831554 0.9771258342908186
data/training_data/watermark/00266.jpg 0.1660476555176066 0.906185740048168 0.40215876662871775 0.941341990048168
data/training_data/watermark/00267.jpg 0.12035301572934264 0.8984073740297381 0.32119143036348896 0.9364629295852938
data/training_data/watermark/00268.jpg 0.30519669809851563 0.9300415314031614 0.47121232309851563 0.9741040314031615
data/training_data/watermark/00269.jpg 0.18701412321837055 0.9152763561360715 0.38510734355735365 0.9505164691304219
data/training_data/watermark/00270.jpg 0.08078233648620503 0.9510998939372357 0.29800455870842724 0.9860696112992814
data/training_data/watermark/00271.jpg 0.38612193262863104 0.7079620541638657 0.5915385992952977 0.7453990530183904
data/training_data/watermark/00272.jpg 0.18233214022800195 0.7776747280834186 0.380425360566985 0.8129148410777689
data/training_data/watermark/00273.jpg 0.020161004835410768 0.9348358468122676 0.2267030609101771 0.9715077218122675
data/training_data/watermark/00274.jpg 0.027010213344774908 0.8289073965443158 0.2221953985299601 0.8677268409887602
data/training_data/watermark/00275.jpg 0.054039618597954815 0.7203902672382635 0.22403961859795482 0.7653902672382635
data/training_data/watermark/00276.jpg 0.28534098231004873 0.8471539354728487 0.5194511518015742 0.8813322571511704
data/training_data/watermark/00277.jpg 0.2740954596152231 0.9247226634498986 0.4780954596152231 0.9606221343493695
data/training_data/watermark/00278.jpg 0.09925433533173193 0.9083570357290324 0.32875433533173193 0.9436296575387771
data/training_data/watermark/00279.jpg 0.11249238248793729 0.8733802824462058 0.3249923824879373 0.9108802824462058
data/training_data/watermark/00280.jpg 0.04983733245595943 0.9365961914328677 0.26076325838188535 0.9742836914328676
data/training_data/watermark/00281.jpg 0.16910067934169365 0.7819870840334276 0.33712393515564715 0.8265219677543578
data/training_data/watermark/00282.jpg 0.28392332977311063 0.9180082414911361 0.4539233297731106 0.9630082414911361
data/training_data/watermark/00283.jpg 0.07471451101927877 0.5736328244359093 0.27507165387642163 0.6115920081093789
data/training_data/watermark/00284.jpg 0.13878714258762417 0.8438647981309291 0.3512871425876242 0.881364798130929
data/training_data/watermark/00285.jpg 0.010636510661879118 0.8276458009819876 0.24305838566187915 0.8623641108411425
data/training_data/watermark/00286.jpg 0.12031688793166248 0.9207163645254216 0.3512951488012277 0.9552041321095196
data/training_data/watermark/00287.jpg 0.011506285891535963 0.7486190248481764 0.22400628589153598 0.7861190248481764
data/training_data/watermark/00288.jpg 0.16542071197282324 0.8653947105584803 0.31775046107676586 0.914813570207603
data/training_data/watermark/00289.jpg 0.3789539951282721 0.8096173797645172 0.5770472154672551 0.8448574927588676
data/training_data/watermark/00290.jpg 0.0417566752494107 0.7863502673240436 0.2475461489336212 0.8227738297363858
data/training_data/watermark/00291.jpg 0.014013161669136133 0.7441555977610513 0.227908128846379 0.7813430977610513
data/training_data/watermark/00292.jpg 0.09567454450446705 0.9175539643562114 0.23476545359537615 0.9729911228261569
data/training_data/watermark/00293.jpg 0.28825277125254334 0.6513716363697133 0.4273436803434524 0.7068087948396586
data/training_data/watermark/00294.jpg 0.10237313029159378 0.8352028654856903 0.3007064636249271 0.8745778654856903
data/training_data/watermark/00295.jpg 0.23619209367686272 0.7475713573576573 0.3752830027677718 0.8030085158276027
data/training_data/watermark/00296.jpg 0.07134213599111161 0.7295274662503877 0.1988421359911116 0.7900631805361019
data/training_data/watermark/00297.jpg 0.2319811393238734 0.8660951989106459 0.3549714930216226 0.9289501371822508
data/training_data/watermark/00298.jpg 0.12209873558923233 0.8226395892001631 0.26978213327263 0.8748689706434621
data/training_data/watermark/00299.jpg 0.24504064020513824 0.3213266826653864 0.38413154929604737 0.3767638411353317
data/training_data/watermark/00300.jpg 0.19856096113382768 0.8051047566413189 0.33277148744961715 0.8624776379972511
data/training_data/watermark/00301.jpg 0.01553513054208934 0.892791398125641 0.14303513054208936 0.9533271124113554
data/training_data/watermark/00302.jpg 0.13925266444382067 0.6688394205650027 0.3092526644438207 0.7138394205650027
data/training_data/watermark/00303.jpg 0.016095882727555764 0.888894205112221 0.15518679181846487 0.9443313635821664
data/training_data/watermark/00304.jpg 0.16086078349555105 0.926972562221734 0.3393607834955511 0.9690398414155693
data/training_data/watermark/00305.jpg 0.11938078812958701 0.7789538443669423 0.29946553389229885 0.8173521494516881
data/training_data/watermark/00306.jpg 0.18473142861202946 0.9103866632037997 0.31265785001671176 0.9709074965371329
data/training_data/watermark/00307.jpg 0.035934318744836984 0.80246227065864 0.17502522783574606 0.8578994291285853
data/training_data/watermark/00308.jpg 0.0799547467056949 0.9359571381261049 0.2782880800390282 0.9745207078082565
data/training_data/watermark/00309.jpg 0.25584232092954556 0.6381202651170514 0.39991011753971506 0.6809489036147041
data/training_data/watermark/00310.jpg 0.10923117566536072 0.44039112182336976 0.25302816814656376 0.4937595428760013
data/training_data/watermark/00311.jpg 0.24402223112712865 0.8947683196518481 0.41402223112712866 0.9397683196518481
data/training_data/watermark/00312.jpg 0.03607406634359044 0.8533182280630849 0.18375746402698812 0.9055476095063838
data/training_data/watermark/00313.jpg 0.2202631466411438 0.8965291400951175 0.3673785312565284 0.9487714081363545
data/training_data/watermark/00314.jpg 0.13951295593195523 0.6880620124733339 0.3095129559319552 0.7330620124733338
data/training_data/watermark/00315.jpg 0.14440952726348896 0.9300162837247311 0.35690952726348896 0.9675162837247311
data/training_data/watermark/00316.jpg 0.09495245415649106 0.8374919165714049 0.30967370851189174 0.8745771438441321
data/training_data/watermark/00317.jpg 0.009655154050559351 0.8435764463544831 0.21311260085907 0.8820840509172208
data/training_data/watermark/00318.jpg 0.12386726694228256 0.8752051895080417 0.33636726694228253 0.9127051895080417
data/training_data/watermark/00319.jpg 0.03497470523183662 0.9451126828466798 0.24747470523183662 0.9826126828466799
data/training_data/watermark/00320.jpg 0.25004836345985637 0.8206807805700023 0.45215434172072594 0.8589477708612644
data/training_data/watermark/00321.jpg 0.016873477803867703 0.934311829930038 0.2376526985830885 0.969898075702304
data/training_data/watermark/00322.jpg 0.013482188730802962 0.708631511446938 0.26848218873080293 0.7418440421594689
data/training_data/watermark/00323.jpg 0.43834401369447007 0.7899128518010082 0.6036217914722479 0.8340329635328517
data/training_data/watermark/00324.jpg 0.13702420401046492 0.9251932978454239 0.33511742434944797 0.9604334108397743
data/training_data/watermark/00325.jpg 0.08732813973663292 0.7285378984012987 0.29297330102695546 0.7650148214782216
data/training_data/watermark/00326.jpg 0.07542691636849537 0.8134860065506289 0.26982754728332187 0.85146744506571
data/training_data/watermark/00327.jpg 0.18240261960962642 0.9033187427545456 0.3860484529429597 0.9396176254361097
data/training_data/watermark/00328.jpg 0.07411548069830258 0.7512153888626267 0.2733342306983026 0.789898594969497
data/training_data/watermark/00329.jpg 0.14260785188108144 0.7892484800515666 0.34070107222006446 0.8244885930459169
data/training_data/watermark/00330.jpg 0.1862139389893196 0.8938251018948511 0.40264912417450477 0.9299302271132551
data/training_data/watermark/00331.jpg 0.05579392240732177 0.860030196650027 0.24057653110297392 0.8993512272906954
data/training_data/watermark/00332.jpg 0.4857089943617024 0.9325673678639227 0.7218201054728135 0.9677236178639227
data/training_data/watermark/00333.jpg 0.008415086808670386 0.9094665553670213 0.2148436582372418 0.946046631630129
data/training_data/watermark/00334.jpg 0.073058429496374 0.6977676290069338 0.3134781375255711 0.7318789571319338
data/training_data/watermark/00335.jpg 0.1402023055875251 0.8609271540745392 0.33570230558752506 0.8992999351396279
data/training_data/watermark/00336.jpg 0.3211608501340004 0.7469630164448257 0.5401002440733943 0.7825642235014645
data/training_data/watermark/00337.jpg 0.045392208998889176 0.5317635662487965 0.24726720899888918 0.5699778519630823
data/training_data/watermark/00338.jpg 0.015440192827345569 0.7857153981319862 0.2515513039384567 0.8208716481319862
data/training_data/watermark/00339.jpg 0.08351398744599478 0.7459135425694233 0.2744319561959948 0.7863510425694233
data/training_data/watermark/00340.jpg 0.19706034662241503 0.8909662384272179 0.3767351433703825 0.9334335824039958
data/training_data/watermark/00341.jpg 0.5540457614470501 0.8925814465514113 0.760974600398361 0.9292501965514113
data/training_data/watermark/00342.jpg 0.45332798250238737 0.7372672131075484 0.6658279825023874 0.7747672131075484
data/training_data/watermark/00343.jpg 0.1502350727280801 0.9228871583431567 0.37834241736084845 0.9570008308391821
data/training_data/watermark/00344.jpg 0.06783217405367879 0.760656380482955 0.26343886861434823 0.798353649071726
data/training_data/watermark/00345.jpg 0.04618639915681861 0.867112330082325 0.24427961949580165 0.9047335422035372
data/training_data/watermark/00346.jpg 0.1083224264499464 0.9459826251158591 0.3086795693070893 0.9834775898691319
data/training_data/watermark/00347.jpg 0.17192883952086532 0.9387141792662242 0.3700220598598484 0.9739542922605746
data/training_data/watermark/00348.jpg 0.3736933206748433 0.8957113196367127 0.5700248424139737 0.9344499445103224
data/training_data/watermark/00349.jpg 0.3679287773206916 0.7778261612301527 0.5804287773206916 0.8153261612301527
data/training_data/watermark/00350.jpg 0.22269964564522832 0.9249022920187381 0.3926996456452283 0.9699022920187381
data/training_data/watermark/00351.jpg 0.03869593753311626 0.5970407206568253 0.20077220871955695 0.6401763138771642
data/training_data/watermark/00352.jpg 0.010912167817846503 0.9112424685634517 0.22701386273310076 0.9452963532752311
data/training_data/watermark/00353.jpg 0.05089281307781806 0.9161723887591849 0.2811011464111514 0.9512602481841049
data/training_data/watermark/00354.jpg 0.007055308887330542 0.7156625232803513 0.19526959460161628 0.7555910947089227
data/training_data/watermark/00355.jpg 0.0619459735314753 0.944967083061237 0.24894597353147532 0.9860883455197088
data/training_data/watermark/00356.jpg 0.20858967910912193 0.8621109769442562 0.406682899448105 0.9010575178247593
data/training_data/watermark/00357.jpg 0.09715595168960761 0.6834170608784336 0.2592322228760483 0.7267255715167315
data/training_data/watermark/00358.jpg 0.048783993389209294 0.8171394542129743 0.2828941628807347 0.8503166551159088
data/training_data/watermark/00359.jpg 0.06505948594326451 0.8962576714732335 0.2715083971660451 0.9326382270287892
data/training_data/watermark/00360.jpg 0.021796390079786974 0.9538832214570971 0.22538920445104443 0.9900532214570972
data/training_data/watermark/00361.jpg 0.15557011577092414 0.5644995618979808 0.32557011577092415 0.6094995618979807
data/training_data/watermark/00362.jpg 0.18034086960087523 0.8285936342170005 0.3477800353019181 0.8732844160139666
data/training_data/watermark/00363.jpg 0.014140911921839161 0.7507634916672274 0.2260267500721282 0.7881167865205223
data/training_data/watermark/00364.jpg 0.36522561323862607 0.5686351841115428 0.5500082219342782 0.6079177928071949
data/training_data/watermark/00365.jpg 0.03754148023889744 0.9211783880213296 0.2465578736815204 0.9576283880213295
data/training_data/watermark/00366.jpg 0.039029393212578506 0.7690075124886016 0.24141034559353086 0.80623850244556
data/training_data/watermark/00367.jpg 0.35196506326320026 0.8576488234126521 0.5296328300398779 0.9004213234126522
data/training_data/watermark/00368.jpg 0.26514969923988957 0.8940277798099522 0.4289517825732229 0.938711933985541
data/training_data/watermark/00369.jpg 0.3930057220379707 0.8639006836430947 0.6039986298393891 0.9011642770237093
data/training_data/watermark/00370.jpg 0.16704863064690142 0.9449788080735249 0.3795486306469014 0.9824788080735248
data/training_data/watermark/00371.jpg 0.16489726322875756 0.8378971927796207 0.38099895814401186 0.8738812353328123
data/training_data/watermark/00372.jpg 0.41402008342212243 0.9498856156369067 0.6130660504646203 0.9882736282552032
data/training_data/watermark/00373.jpg 0.5085225591200672 0.8793016048376714 0.7185225591200672 0.9162742610876714
data/training_data/watermark/00374.jpg 0.09156529789390119 0.5558527494746422 0.2602675879702371 0.6005474059631918
data/training_data/watermark/00375.jpg 0.08829835152887702 0.8653421118654577 0.299968273403877 0.9027119035321244
data/training_data/watermark/00376.jpg 0.2818513005004904 0.9120168234338067 0.4881619801121409 0.949861361248933
data/training_data/watermark/00377.jpg 0.020593848607016522 0.9463588630826728 0.23221210586842733 0.9830583203418315
data/training_data/watermark/00378.jpg 0.06972197114578364 0.9163328230114901 0.2814230989653325 0.9536203230114901
data/training_data/watermark/00379.jpg 0.13490336602111178 0.6920475691260775 0.30490336602111173 0.7370475691260775
data/training_data/watermark/00380.jpg 0.007513554899517583 0.8905738929270681 0.22361524981477182 0.9250282076478803
data/training_data/watermark/00381.jpg 0.23947081942087156 0.7035500848199555 0.43038878817087156 0.744017246665147
data/training_data/watermark/00382.jpg 0.13777176492704393 0.8330403949088413 0.27151302366830266 0.8907392585452049
data/training_data/watermark/00383.jpg 0.0412661894450541 0.6618816488589156 0.24472363625356472 0.7003892534216531
data/training_data/watermark/00384.jpg 0.008228986941841527 0.7680014016218697 0.17822898694184153 0.8130014016218697
data/training_data/watermark/00385.jpg 0.35851355145218045 0.9517286597826086 0.5603885514521805 0.9899429454968943
data/training_data/watermark/00386.jpg 0.09193455270051192 0.7644291401068517 0.3044345527005119 0.8019291401068517
data/training_data/watermark/00387.jpg 0.40596106402487003 0.6637271927991734 0.57596106402487 0.7087271927991734
data/training_data/watermark/00388.jpg 0.039247224103111246 0.8799287668778828 0.24856199926371084 0.9169537668778828
data/training_data/watermark/00389.jpg 0.012566097975002584 0.6626773720957079 0.1553660979750026 0.7132850480018912
data/training_data/watermark/00390.jpg 0.03512973339819125 0.882032058272381 0.23062973339819126 0.9208344534819618
data/training_data/watermark/00391.jpg 0.17899916385533637 0.9488160736705772 0.3749211496709392 0.9877655417556835
data/training_data/watermark/00392.jpg 0.03363214745558898 0.8955109236345199 0.23550714745558898 0.9338532175413299
data/training_data/watermark/00393.jpg 0.024571906875537803 0.9444516669307791 0.23358830031816077 0.9813425760216881
data/training_data/watermark/00394.jpg 0.3688478461672307 0.939617447810853 0.5669410665062137 0.9748575608052034
data/training_data/watermark/00395.jpg 0.02504315904339551 0.7578578365495258 0.19105878404339552 0.8019203365495258
data/training_data/watermark/00396.jpg 0.12176764023561452 0.8476032521999881 0.3277820028927061 0.8853734385353917
data/training_data/watermark/00397.jpg 0.08897616471616007 0.8916465717381498 0.23241366471616007 0.942560595110437
data/training_data/watermark/00398.jpg 0.19213984906528647 0.9316636160795627 0.4091611256610312 0.9673760171349716
data/training_data/watermark/00399.jpg 0.131514088722016 0.9093727158255007 0.344014088722016 0.9446852158255008
data/training_data/watermark/00400.jpg 0.14875024863122246 0.9107031325134504 0.3296013124610097 0.9519851837955017
data/training_data/watermark/00401.jpg 0.16313878979001514 0.9325466851974565 0.3756387897900152 0.9700466851974565
data/training_data/watermark/00402.jpg 0.08402743795451412 0.9131100671495366 0.3201385490656252 0.9482663171495366
data/training_data/watermark/00403.jpg 0.22736224017714673 0.9470292305759473 0.43986224017714676 0.9845292305759473
